3.26530
4.26302
3.86519
3.62659
3.89492
4.21980
2.18268
3.86809
3.73754
3.62457
3.74671
3.83575
3.34948
4.82177
3.44200
3.06446
2.72999
2.88455
3.84711
3.60746
4.27165
3.28393
2.99020
2.61842
2.54903
4.47638
3.96781
2.87770
3.45309
4.01142
4.23035
4.22060
3.95621
3.83916
3.05159
4.14244
3.54043
2.37376
3.04751
3.59270
3.69793
2.84462
3.38994
4.02195
4.09489
3.28411
4.19324
4.05487
4.42622
3.88044
3.47420
4.65092
3.68943
4.25668
3.98922
4.33347
3.75813
4.09525
4.15202
3.81384
4.16081
4.05529
3.74758
3.47744
3.82840
3.16814
3.29878
3.70132
2.95795
3.70829
2.65299
4.30176
3.69715
3.57921
3.35727
2.54589
3.45653
3.76906
4.48343
3.56798
2.93364
4.39364
4.68078
4.34935
5.00000
3.04797
2.77029
3.38402
1.88475
4.16414
2.80641
4.98158
4.52417
4.27869
4.35189
3.95261
3.11025
4.05096
3.38258
3.57478
3.88580
3.66331
3.93043
3.41044
2.85323
3.15693
3.09286
4.56070
4.01059
3.32793
4.14306
4.05759
2.54421
3.99271
3.49313
2.96029
4.61125
4.40433
1.67307
3.95012
3.56995
3.75965
3.08096
4.18985
2.58730
4.10000
2.48204
3.60321
4.29828
3.09228
3.59086
3.87734
2.97344
3.65940
4.60594
3.24598
3.07521
4.02912
3.81876
3.25131
4.12027
3.41828
3.83322
4.46458
3.82569
3.87402
4.09942
2.52964
2.58938
2.82607
3.93801
3.61382
2.11275
4.25355
4.71281
1.00000
3.86488
4.17668
1.58820
3.43865
2.89637
4.20409
3.35144
2.43728
3.56402
3.83972
3.61420
3.68859
2.12243
3.90090
4.17090
4.00699
4.20855
4.09329
2.02367
3.29463
2.77883
3.22953
4.08116
2.32269
3.32716
2.91354
3.30416
3.97952
4.45886
3.08293
2.06572
3.23106
3.99502
2.85944
4.42251
2.54801
4.50130
4.47778
4.72646
4.50352
3.20835
4.08574
2.90587
4.01486
4.07737
4.29366
4.75289
3.58065
4.36816
3.21127
3.24080
4.96004
3.62745
3.37633
3.65274
4.15512
2.33187
3.49114
3.88564
4.03204
3.73925
3.85757
3.96422
3.67379
3.82840
3.77028
4.11196
4.27982
2.14401
4.14783
3.11232
3.04886
4.71322
3.32496
3.89116
4.43131
4.57020
3.58171
3.37066
4.05406
4.09117
3.02377
4.27718
3.30657
2.94059
3.75750
3.58363
2.57898
4.38504
3.68640
2.72045
3.99652
4.05958
1.69251
4.21526
3.99916
4.29709
3.83071
4.20104
3.47395
2.10443
3.10898
1.50412
3.39464
3.38769
5.00000
3.19126
4.65547
3.62232
4.29473
3.81976
3.49428
3.45050
2.03303
3.21764
3.60733
3.96321
2.49422
3.97943
3.28979
4.39213
4.25199
2.88727
3.15034
3.92104
4.50539
3.85392
4.32671
1.81960
3.72780
3.53287
4.15479
3.96005
3.34448
3.03449
3.00616
2.89367
4.05349
3.16796
4.32452
3.92887
3.77309
4.71329
4.35687
2.54731
3.80815
3.56414
3.55570
3.17891
3.31034
4.16916
3.80671
2.58953
2.71868
2.83237
3.71294
2.48854
3.39056
3.72133
3.43491
3.59878
3.77487
4.46723
3.99690
4.13092
3.72359
3.83520
4.33355
3.72114
4.93178
2.26478
4.30563
3.21889
3.68467
3.55603
4.18631
3.20530
3.78909
2.39569
4.15873
4.72350
4.08664
1.75760
4.14514
3.66324
2.99792
3.55810
3.63055
2.37649
2.14537
3.07373
3.63905
2.76398
3.38381
3.54645
3.83500
3.16945
4.63868
2.68785
3.41797
1.67456
3.65186
3.82823
4.62184
3.12923
3.74673
3.37451
4.19737
3.67437
4.50984
3.06266
4.60368
3.42229
3.78265
2.72222
3.06654
4.66091
3.17904
3.39190
4.49705
3.84988
3.53098
3.32168
2.48677
3.92677
3.43608
3.62279
3.95286
3.79480
4.32111
4.20244
3.34052
2.37853
2.50330
2.93473
3.41203
3.93216
3.64714
3.47129
3.56847
4.00000
3.64397
2.47267
4.25081
2.47313
3.52674
3.64418
3.78272
4.71424
4.42484
3.98571
2.32995
3.72192
3.19913
3.09339
4.09884
3.95641
3.61674
3.66912
4.08318
4.62420
4.40781
4.18488
3.70199
3.76329
3.82528
3.09767
3.98253
2.77957
3.03167
3.86824
3.28041
3.25449
4.59704
3.59334
3.06761
3.53552
3.07317
3.60037
4.69398
3.85968
3.76410
3.00817
3.92996
2.71804
3.78672
3.55157
3.13289
3.23576
4.50794
2.68486
3.98531
2.71624
3.70743
3.97063
5.00000
3.95243
3.33915
2.47738
3.86959
4.53567
2.98435
2.37899
3.13445
3.59646
2.82467
2.11831
3.87813
3.92191
4.37675
1.38624
3.49007
4.32720
2.83011
2.89732
3.77364
3.51483
3.83554
3.91152
3.66382
3.27790
3.97116
3.27696
2.11197
3.39007
2.74352
4.06793
3.48897
3.38744
4.28110
4.09807
3.48675
4.18486
4.06423
3.63601
2.84513
3.89789
4.86645
4.21776
4.24337
3.89758
3.41905
4.17338
3.19835
3.69257
3.44179
4.89129
3.95994
2.85881
3.26330
4.07865
3.72830
4.73430
3.34904
3.31781
3.24880
1.68185
3.95394
2.59793
3.90746
3.87028
3.79790
4.72605
2.60341
4.52474
3.40830
3.79149
2.57232
3.66639
3.65713
4.17472
3.76364
3.29903
3.70135
3.02446
4.24042
3.26258
4.45409
4.47601
4.20594
4.50164
3.97855
3.59710
3.29541
3.70844
3.57283
4.05957
2.68025
2.39193
3.80832
3.45822
3.80085
4.00624
2.68442
3.27190
2.61484
4.36154
1.76045
2.80265
4.14514
5.00000
3.55309
4.05715
3.45147
4.14814
4.41387
4.13778
3.85974
3.83499
3.56759
4.61367
3.20575
4.39328
3.28111
3.77336
4.33115
4.57388
2.70360
4.48700
4.95808
3.93852
3.71418
4.10159
4.56519
3.51361
2.86566
3.81570
3.71968
1.47355
3.90244
2.02914
4.21751
4.26292
3.79484
3.43520
3.55441
3.91984
3.45126
4.01496
3.95952
3.56765
3.56807
3.64265
2.66211
2.48893
4.52632
2.86241
4.32618
3.00225
3.90938
4.36783
2.97326
4.42120
3.47810
4.11185
3.93333
3.33742
3.39451
3.75660
2.93231
3.92018
2.77870
3.34595
4.83502
3.33136
3.22768
2.41720
4.87731
3.59015
2.30305
3.34353
3.42832
3.15383
4.33864
3.92773
4.33221
4.10945
1.90841
3.96231
2.29350
3.70076
3.47314
4.41947
3.47422
2.69734
3.86936
2.43679
2.39096
3.70857
2.62580
3.46941
3.88340
4.15834
4.42051
1.88247
3.25383
3.83639
3.79481
3.71198
3.69583
4.33710
2.43223
3.79734
2.98697
4.03267
3.90947
2.78974
3.13287
4.15211
4.78468
3.92552
4.03625
2.96237
3.81048
4.45284
4.44392
2.65329
3.43265
3.12514
3.04825
3.99848
3.36068
2.96725
3.16016
2.69330
3.75949
3.51615
3.06430
3.33503
3.00644
3.12656
4.15459
3.51434
3.19130
3.55093
4.04218
4.03557
3.64812
3.59235
4.48312
4.11874
4.18178
3.20663
3.39415
3.18304
4.21702
4.65440
3.33656
3.48912
4.31922
3.38265
1.80539
4.34724
2.04473
3.28511
3.88780
3.91477
4.09484
4.44464
4.25156
4.06849
4.17487
4.05460
2.15296
4.21756
3.25379
4.32459
3.85442
3.76550
2.55274
3.59716
2.69796
3.60619
2.76340
3.03283
3.66251
2.28111
3.40379
3.83674
3.37806
3.24295
3.44599
4.53010
3.10169
4.96803
3.85065
3.06674
2.62113
3.39191
3.53167
3.10831
4.19493
3.76065
3.06541
4.05767
3.34543
4.11047
3.16383
2.77785
3.40433
2.03834
3.06845
4.22686
3.79568
3.73709
3.04264
3.78826
3.88622
2.91276
3.18286
4.33999
3.82972
3.81883
3.91511
3.64019
1.13999
3.33412
4.47127
4.22326
3.18247
3.64962
2.67106
4.19650
4.08576
3.38100
4.75148
3.07075
3.08248
1.75434
2.67702
3.22156
3.90552
3.35714
3.77926
2.01264
3.80659
3.98113
3.01483
2.51139
3.76036
3.97324
2.89397
3.56681
4.18410
3.81318
4.06297
2.11666
3.70173
3.70276
4.12396
3.60950
4.28275
3.63985
4.17683
3.63904
3.19591
4.31228
4.36602
2.53120
3.22974
4.91055
3.93381
3.94134
3.56506
3.55692
3.56528
4.25463
3.81150
2.45821
2.14471
2.85109
3.49195
3.70056
4.12247
4.11508
3.66593
3.23269
3.30726
3.44209
4.67258
3.74695
3.93742
3.99909
3.68903
3.62890
2.78873
3.95500
3.13217
3.57797
3.29449
4.12598
3.76468
4.43988
3.17547
4.22682
4.44666
3.26437
3.93705
4.54799
1.00000
3.83236
2.17603
2.18016
3.42454
2.65722
4.08214
3.93734
3.20607
4.03846
3.84346
3.85949
3.95141
3.01452
3.60913
3.73435
4.30726
3.18078
3.18217
2.60293
3.46381
4.52121
3.79185
3.59332
3.90744
3.76067
4.15040
1.98940
3.64319
4.43001
3.20598
2.82671
3.22621
4.14016
3.00295
3.80064
2.35589
3.51558
3.87845
3.28548
3.91128
2.35120
3.91957
3.66657
3.67399
4.03344
2.77715
3.17465
4.55511
3.40199
3.06159
4.12116
4.22217
2.91225
3.50672
3.56117
3.22842
3.53177
3.85895
3.65525
4.17794
3.57138
2.73842
1.30315
2.65233
3.94565
2.34502
3.58534
3.24479
2.99826
2.76227
4.00327
3.91318
4.15407
2.30221
2.58902
3.85767
3.00966
2.80079
4.17150
3.52202
4.20470
3.96566
1.56578
3.03204
3.71598
4.05810
3.40042
3.73230
2.15508
1.42327
3.64646
3.57302
3.83122
2.95588
4.79319
3.66995
3.90246
1.42626
4.68898
4.10886
4.20616
2.78473
3.92853
4.66279
2.65719
4.35349
4.48507
3.63477
4.05766
3.48708
2.97878
3.32552
3.81259
4.39302
3.91694
4.41613
4.36273
4.13627
2.25574
4.01897
4.19617
2.71677
4.10355
2.63065
2.64526
3.53395
4.52958
4.40709
3.37937
2.40963
2.60756
3.46508
2.54390
4.36674
3.27864
4.85864
4.80897
4.68610
3.29870
3.14151
3.34625
3.60688
3.76935
3.45155
1.95672
3.76006
3.85611
3.45379
4.15436
4.41229
3.65109
3.93885
2.49667
4.33530
2.64207
3.57422
3.48627
3.32573
3.34193
3.55029
2.40241
3.76097
4.51549
2.99285
3.59897
3.54095
4.78382
4.37983
3.74833
1.99716
3.65641
3.42282
2.93294
4.19612
3.23222
3.77069
2.63138
2.59965
4.17498
3.64030
3.68478
4.02623
2.24430
2.63941
3.79841
2.94232
3.66761
3.44651
2.94238
3.23746
4.69696
3.12139
3.18096
3.67850
3.26062
3.44386
3.39580
4.03496
2.42053
3.79808
4.08682
4.23045
1.74107
4.62512
3.84660
3.48239
3.28844
3.87083
4.19185
3.30381
3.88260
2.56025
4.07670
4.52773
2.07379
2.36577
3.32313
2.81243
4.18165
3.69719
4.07524
3.62900
3.51541
3.55016
4.02300
4.40357
3.39728
2.00232
2.75772
3.67599
2.85991
1.66112
2.56152
3.48982
3.79516
4.22154
5.00000
4.07133
4.87605
3.38509
4.20837
3.45445
2.90644
2.67015
4.05392
3.46810
4.23877
3.52019
3.65192
3.29234
2.21624
3.10581
3.57688
4.33119
3.94131
3.76486
3.78574
2.68796
3.81832
3.34715
3.14532
4.13615
1.69108
3.93478
3.75588
2.86316
3.38938
4.03882
3.37316
3.66376
4.00389
1.96790
4.42037
3.97693
4.25487
3.65584
4.21121
2.98692
3.48885
3.65657
3.60596
2.89519
4.16644
4.31345
3.75195
3.48451
4.14436
3.71237
2.44130
3.88423
3.65637
3.60959
3.70781
4.56352
3.42074
4.28870
3.06992
3.99714
3.93313
3.41408
3.28935
3.32453
3.09789
4.38663
3.24617
2.17936
2.52343
2.39196
2.96546
2.22826
3.98001
3.69284
2.84957
4.87509
2.55495
3.65814
2.98393
4.23214
4.30730
4.40829
4.39599
2.94779
3.76030
4.43207
4.04393
3.43254
3.57857
4.42446
3.42266
4.30931
3.36006
3.88633
3.45655
2.32326
3.20689
3.68154
2.57224
3.98361
2.91017
2.30733
3.40145
4.24195
4.38323
3.39987
2.89228
3.08752
3.64362
2.05657
4.53483
4.32240
3.89184
3.25446
2.30251
2.69243
4.27507
2.09333
3.84062
2.05186
3.46197
3.46906
4.46323
3.27514
3.69779
4.72178
3.69488
2.86727
4.45510
3.75028
3.64847
3.33878
3.54446
3.70201
3.79808
4.14374
4.46969
2.48213
4.28031
2.32156
2.76906
3.55725
3.44788
3.58812
5.00000
4.82267
2.78597
2.26737
4.72888
2.67475
2.04310
3.54285
4.48137
4.01904
4.25277
3.89667
4.32472
4.17869
4.36872
3.06144
3.96497
3.07307
3.33377
3.14172
3.10392
3.05643
3.39835
3.74362
3.82344
2.30979
3.78789
2.64405
3.11168
3.51046
3.78994
4.59959
3.52571
3.78234
2.69710
2.50015
3.43836
4.12538
4.88167
4.02564
4.88547
2.70544
3.55715
2.44983
4.13191
2.67507
4.04592
3.83160
3.42372
3.86086
3.55803
2.85523
3.46428
3.39583
4.11577
1.97255
4.13833
4.29387
3.42970
3.79718
4.29743
3.73533
4.44577
3.94379
3.64930
4.04631
2.35569
4.20783
3.94950
3.00450
3.48914
3.93956
2.38904
2.66761
2.21201
3.38028
2.17722
2.69218
4.20915
3.52660
4.61400
4.11273
4.35368
2.68619
3.96411
3.17615
3.80543
4.33345
3.32981
2.28733
4.38829
3.66923
3.07555
3.86958
3.50899
2.85740
4.13148
2.82002
4.49114
4.13056
2.60239
3.54594
3.03128
3.71865
2.26440
3.87220
2.76433
4.08734
3.08508
3.28883
3.61434
4.03658
3.83179
3.67608
4.21926
3.90711
3.10326
3.80982
2.28358
4.03231
4.06896
3.43386
3.08428
3.83772
2.97957
3.13641
2.84829
4.24786
3.94652
3.60462
2.98177
3.46259
4.60735
3.56488
2.57776
3.38917
2.91096
4.03202
3.79634
1.85250
4.32771
3.70139
4.08157
3.19414
4.19214
3.45117
4.51671
3.96313
2.95557
3.57905
3.97693
1.60231
3.53247
2.35634
3.39000
3.99005
4.32170
2.76089
2.77877
3.65982
2.42340
3.12778
4.26490
3.37963
3.81134
2.77704
2.16403
2.96232
3.78115
3.14717
3.15668
3.70438
4.34365
1.88510
4.00771
3.41937
3.95093
2.92359
3.44124
3.23788
4.13069
3.99631
3.02504
4.18864
4.47545
4.37918
3.33447
4.05785
2.59400
3.56283
1.78870
3.71945
3.69354
3.85192
3.45104
2.62513
4.61070
3.82961
3.43636
4.02377
4.31839
3.19734
1.40409
4.71317
1.62580
4.19609
3.77010
3.18825
3.88082
4.12108
4.58483
2.80184
3.32162
4.33813
4.15691
3.12740
3.03082
3.31161
3.91286
2.83910
4.43577
4.23916
4.55569
2.96546
4.47188
3.39656
4.39065
4.03255
3.90573
1.55212
1.94906
3.60216
2.90520
4.09666
4.19918
3.07513
4.53170
2.60949
3.71960
2.52505
3.74605
4.00095
2.53353
4.51893
4.05004
3.77456
4.34180
3.37629
3.26976
3.94863
2.32473
3.41196
3.80562
4.33924
4.27160
3.35247
3.74246
3.34920
3.76196
3.27753
2.61180
3.39983
3.23875
3.47458
3.68612
2.96385
3.85581
2.80469
3.72705
3.06117
3.65339
4.68330
3.41422
3.13799
3.56686
4.29541
4.01573
3.73590
3.89301
3.59061
3.40401
3.21709
3.37074
2.09867
3.36009
3.96506
4.51729
3.59344
4.26826
3.14665
1.82642
4.52402
4.14588
3.73884
4.28041
4.52510
4.10916
4.03272
4.39837
3.98840
2.20727
4.17000
3.98105
3.88603
3.18686
4.10111
3.80703
2.04279
4.38584
3.65689
2.97167
3.06963
4.55640
4.26260
4.34880
4.17464
3.30816
4.06224
3.62191
3.37241
3.73853
3.20931
3.62723
3.03746
2.70157
3.98939
4.03770
4.17588
3.42070
3.54713
3.99089
3.46004
3.94813
2.24809
4.09621
3.61891
4.06767
2.97002
4.79511
3.50925
3.27325
2.59727
4.49891
3.53329
3.79780
3.85809
3.72608
2.91631
3.91463
4.83659
2.93810
2.21604
3.65761
3.43813
4.04591
3.89298
3.93590
3.12541
3.81134
1.02509
3.71435
3.37657
3.42197
3.87801
2.72168
2.54112
2.79076
4.27954
3.19018
3.03687
4.40367
4.41469
4.41375
3.79462
3.95221
2.85151
4.11562
3.44577
3.49200
4.08366
4.18410
4.31793
3.58713
3.16464
4.26439
4.26976
3.31349
3.41833
2.63078
4.31818
2.91004
4.20313
3.64292
2.34690
3.52852
2.55404
3.52020
3.40381
3.14404
4.12781
3.24508
4.03917
4.08640
3.09399
3.96074
3.28323
2.92648
3.86833
3.28057
4.42799
3.69385
2.34702
4.21490
3.52235
3.86799
4.16491
4.43578
1.82872
2.01651
2.73904
2.62585
2.84815
3.64832
4.09962
2.52671
2.79687
4.21616
2.24107
4.10576
2.70599
4.36430
3.35694
3.35886
3.86114
4.38433
3.46376
2.79331
3.01134
4.46367
3.22143
2.77764
3.47989
3.44108
2.27255
4.43594
3.93571
3.12445
4.45376
4.44641
3.34815
4.18326
4.04592
3.27149
3.28145
2.15985
3.29701
4.17411
3.87037
2.06463
3.66249
3.57693
4.00774
2.76907
3.83210
4.15797
4.63664
3.42489
4.59661
3.34351
2.42007
3.21622
3.91522
3.46840
4.00749
2.97150
4.05945
3.70195
3.02407
3.32588
3.18189
2.53085
3.08205
2.75833
2.38343
3.37969
4.12419
4.00052
3.35274
4.29963
3.88407
3.39984
3.55149
4.59954
3.13011
3.62679
4.28444
3.93445
3.82064
4.36880
3.51766
3.22294
1.85281
3.27728
3.26387
3.80121
4.42038
3.41307
4.01587
3.56175
3.45671
4.05662
4.17573
1.29063
4.13078
3.88784
4.05722
4.08840
2.96516
4.39625
4.36161
3.42052
5.00000
2.18452
4.80263
3.18649
2.72961
3.95577
3.33077
3.22382
3.64552
3.01444
2.55231
4.20318
3.80589
4.65731
3.76948
3.74671
4.13561
3.08752
3.44560
4.20349
3.10572
4.29187
4.36295
3.44645
3.46855
3.14352
3.97980
4.30506
3.98634
3.45405
3.94597
3.58467
4.19862
1.69969
4.15985
2.56297
3.69816
4.37654
2.69410
3.11441
4.46786
4.53494
3.94964
3.80179
3.73011
4.24023
3.38938
3.27019
4.36904
3.88625
3.45619
3.47475
3.75007
3.77501
3.60874
3.90888
2.66685
4.91490
4.33396
3.44392
3.88898
3.67929
4.06794
4.65397
2.86611
4.35588
4.11306
3.76535
2.65345
3.36118
3.18701
3.25113
4.16200
3.00767
4.04353
3.36795
3.84531
4.23422
3.70815
2.16243
3.15000
4.71338
3.84160
2.96416
3.24050
2.49778
3.67815
4.57955
4.10979
3.31220
1.98933
3.33224
3.95425
3.91738
4.40305
3.90504
3.75944
3.22588
3.31027
4.33597
3.43494
2.54277
4.01892
3.63400
4.03923
3.57705
2.79406
3.35898
3.27444
5.00000
3.37999
3.64189
4.24326
3.96133
1.92045
4.87570
4.01843
3.78704
3.29443
4.62914
1.58850
2.56647
3.78862
1.90390
3.83685
4.36450
4.51714
3.06085
4.58326
4.13537
4.34469
2.83089
1.97982
4.23507
3.85072
3.53719
3.60050
3.18816
3.82620
3.59957
3.40741
2.84826
3.65857
3.30799
4.14247
4.83143
3.39636
2.68892
3.65645
3.23005
3.31975
4.62709
3.73146
3.81602
4.63021
2.98954
4.41755
3.15429
2.67600
3.77689
4.08550
4.50279
4.30043
3.67322
3.16299
3.16476
4.01671
3.33456
4.66639
3.83693
2.57038
2.42066
3.66928
4.83399
2.87889
3.51398
3.39356
2.81424
4.24760
3.61916
2.27489
3.59242
4.18201
3.60659
3.68795
3.60129
3.14051
2.26819
3.55114
3.10796
3.38838
3.77586
3.97516
2.66314
2.14478
3.18540
3.60245
4.65236
2.84070
2.49647
3.71917
4.46406
4.06982
2.51159
4.43388
3.68498
3.49525
3.52448
3.19917
2.62240
2.36350
2.76435
3.26844
3.31262
3.94469
4.16426
3.40703
3.41968
3.92438
3.07936
2.11811
4.05313
3.82136
4.69712
3.81892
3.78709
3.78695
2.20487
2.71814
2.52703
2.68047
4.09989
3.98046
2.83105
3.77287
2.76260
4.46037
2.22251
3.77693
3.38640
2.59323
3.43251
3.54613
4.54382
4.35485
3.17381
4.00537
3.81624
3.23733
4.03676
3.13980
4.11708
4.34922
3.66986
3.38583
4.39571
3.70451
2.68210
3.78603
3.61968
3.56731
3.95354
4.11061
4.29027
3.84926
1.72348
3.84763
3.02260
4.43708
3.07971
4.36880
3.55364
1.30187
3.71337
1.94343
3.15786
3.18173
3.77758
3.65232
3.81377
3.07109
4.00487
2.97491
4.27730
4.78059
3.23083
2.95680
2.91869
3.47352
3.61408
3.62826
3.52984
4.04221
2.81271
3.93449
3.15597
2.95578
3.52761
3.87923
3.44707
4.33125
3.20890
2.93798
2.80791
4.12197
4.10575
2.96977
3.75103
3.23760
4.20018
3.82982
4.91940
3.76840
3.44098
3.62182
3.70989
2.99222
4.25747
2.91097
2.61501
2.53526
2.32104
4.09700
3.08100
3.16423
3.64930
3.66525
4.36573
4.48239
3.93443
3.45188
3.53065
3.16355
3.09243
3.99323
4.09680
4.69340
3.15618
3.45943
2.25224
4.44193
3.70806
1.91481
3.84065
4.02540
2.98010
3.42670
3.42502
3.56632
3.35098
2.95667
3.63941
2.67347
2.60863
3.61310
4.39135
3.92099
3.13280
2.50490
3.93684
2.90510
1.42122
3.78502
4.12209
2.74338
3.86864
3.43439
3.47394
3.32324
3.18686
3.28478
3.63112
3.67315
4.64550
3.60338
3.09442
3.41820
3.32616
2.52043
4.36969
2.77114
3.72223
4.05488
2.11859
2.58563
2.79892
3.92505
1.99243
3.56611
1.81013
4.59514
3.86167
3.41451
3.34720
3.78631
3.14808
3.81496
3.23355
4.39974
3.42902
3.41605
3.84487
3.50809
2.92434
4.05910
2.91437
2.76056
3.88967
3.54146
3.35146
3.99414
3.62962
4.24076
3.43089
2.26823
4.08964
4.66907
4.10815
4.00351
4.53323
3.22561
3.49168
4.92179
4.26482
2.99631
1.43362
4.34006
3.63092
3.66618
3.05585
3.35124
2.85215
4.78219
3.33156
2.85849
3.47065
2.91885
3.22564
3.29247
3.57834
3.51638
3.38010
3.11854
2.64856
4.23051
3.24344
3.15122
1.81780
3.19282
3.99958
2.95657
4.26630
4.12013
3.40601
5.00000
3.65664
4.08764
3.67268
2.00732
3.42443
3.24840
3.34341
4.08930
3.16278
2.65395
3.85264
3.27118
3.18389
1.00000
3.83725
3.13704
2.88466
3.25637
2.74589
1.67836
3.62011
3.89558
3.62109
4.22006
2.66216
3.48463
4.27370
3.05940
4.14656
2.85948
4.23523
3.03387
3.80499
2.22625
4.20780
4.49983
4.05276
2.30824
4.32183
3.09532
2.70053
4.20876
2.69134
4.86281
3.77806
3.08487
3.00568
2.70298
3.84051
3.29663
4.05815
3.67510
3.30873
2.08201
3.86485
3.89878
2.86658
3.54088
3.80701
4.52271
3.88546
4.48638
2.97385
3.47630
4.08920
2.77077
4.49864
2.82080
3.45044
2.98281
3.38042
2.44563
3.41543
3.10778
4.07730
3.70476
3.71207
3.96153
3.26170
2.68327
1.91882
2.81159
3.39652
3.29807
4.19733
3.91025
3.36198
3.97206
3.91308
3.40554
2.66708
3.74070
2.72586
4.30770
3.71447
3.03661
3.70842
3.49679
3.47020
3.56789
4.05634
3.65128
2.31619
2.75776
3.62989
2.32694
2.89694
4.58661
2.80950
1.44938
4.79750
3.23776
3.48360
3.07292
2.79102
1.89666
3.70762
3.70811
3.76862
3.22725
4.26769
2.75813
3.43610
3.78347
3.82593
1.45445
4.70043
2.88678
3.49490
2.99869
2.98631
2.96650
4.04732
3.48222
3.11845
4.44183
3.68208
3.69911
2.92449
3.29198
4.13584
3.94569
4.19759
3.54638
3.14016
3.32387
4.67589
3.55959
3.47378
2.85010
2.78320
4.12020
3.20567
3.49523
2.86431
3.85676
3.93546
3.58188
3.62654
4.66734
3.68287
3.30787
4.05842
2.70872
3.88902
2.77996
3.43611
3.49484
2.96302
2.39510
4.49979
2.49787
3.79956
4.64610
2.66125
2.47043
3.35319
2.56131
2.57613
4.38365
3.06144
3.65304
3.38253
3.71725
3.08650
4.19620
2.80070
3.34355
4.18934
3.90709
4.27250
2.86088
2.24566
3.85513
2.95844
3.99394
3.45083
3.24391
3.49957
3.41929
4.14439
4.40598
2.92431
3.86661
1.92703
4.43381
3.02394
3.98513
3.55766
4.76003
3.30863
3.82000
4.27263
3.99827
4.20800
3.44885
4.51255
4.10623
2.15859
3.21639
3.64376
4.24435
2.96554
2.47964
3.64680
3.82747
4.27569
4.17778
3.89340
2.70300
3.04719
4.50599
3.76913
1.97868
3.61523
3.82965
2.88442
3.23095
3.98459
3.57643
3.64250
2.52284
2.78110
3.95600
3.66855
3.62453
3.78345
3.36897
2.77123
4.07559
2.86104
3.46454
3.88483
3.93859
4.20754
3.95586
3.48742
4.15773
3.99933
3.94937
3.01912
4.40773
4.10493
3.45204
3.81248
2.42288
4.22880
4.20492
3.68611
2.85044
4.06773
3.91117
3.99297
4.56749
2.42110
5.00000
4.14966
2.08263
4.05976
3.57973
2.16597
3.47377
3.86520
4.18155
4.68666
1.65716
4.23749
4.16132
4.45792
3.32168
3.31283
2.19794
3.59333
3.24043
3.88825
3.10288
2.96721
4.06271
3.95032
3.31601
3.61013
4.75268
3.35584
3.66642
3.69803
3.77053
4.26296
3.51518
3.86083
2.86078
2.90874
3.82326
3.40655
4.29173
1.88918
4.98979
4.57966
4.24200
3.28364
2.09771
3.25826
3.55497
4.47353
3.68233
4.11103
3.12742
2.97188
2.74881
3.40920
4.62948
3.82285
5.00000
4.30842
4.14812
3.22498
3.74355
3.19887
4.10644
3.94309
3.78320
2.16316
3.59427
1.86958
3.89994
4.09490
3.62139
3.19786
2.62781
3.61300
3.16130
4.68929
3.65922
4.71844
2.89483
4.36212
3.71687
2.93247
3.45581
4.41263
4.38415
2.06369
3.88652
4.31045
4.35285
4.29209
3.07484
2.44159
2.57579
3.54781
3.13844
4.08872
3.20281
2.89300
4.37883
2.41828
3.95847
2.65789
3.07473
2.10784
4.35631
4.46713
3.76835
4.04035
3.39007
4.03717
4.61140
3.64896
4.53414
3.48613
3.24020
3.46779
3.21508
3.46377
4.06417
2.96364
3.61975
3.01189
1.71008
3.65309
1.87039
3.17168
3.84664
3.99855
3.04492
3.01427
2.83321
3.83032
3.67578
4.21007
4.05462
3.23255
3.56655
3.92313
3.63978
2.85153
2.86411
3.58207
4.00841
3.97979
3.18287
4.37180
3.23635
4.17884
3.45321
3.86297
3.81234
2.05084
3.05367
3.27030
4.55731
3.41279
1.79904
5.00000
2.70761
4.14339
3.85887
4.09883
4.11375
3.91087
3.51984
4.23829
3.16048
2.72310
2.76883
3.39134
3.81710
2.92815
3.70522
4.61842
4.56308
3.88765
3.13196
1.75918
2.09707
3.36441
3.70799
3.80773
2.47807
4.07315
3.59580
2.40562
3.44859
2.73516
4.42145
3.61519
3.07870
4.97217
3.85541
3.78567
4.54951
3.94648
3.93956
3.64577
2.61007
4.20396
3.81917
3.30896
3.71487
3.67456
2.29779
3.81508
3.38098
4.43383
2.93916
1.58863
4.32236
3.56819
2.51901
4.36174
3.16529
3.08393
2.85301
4.46050
4.34298
3.92938
3.44825
4.00881
3.88094
3.64034
2.76517
2.91207
3.59079
3.47297
3.79502
4.48340
3.33948
3.96058
1.66798
3.74978
3.84783
4.35946
4.65567
4.84862
3.64001
4.21753
4.34785
3.59599
4.32448
4.20907
3.45847
3.23317
4.21041
3.44106
3.46492
3.17500
3.68859
3.12710
3.16930
3.07163
3.60687
4.08140
2.27671
3.71275
3.45567
3.19811
4.00000
2.83203
2.82978
3.37635
3.62869
2.85818
3.45918
4.09159
3.12347
4.61943
3.47467
3.17968
3.51341
3.77082
3.82908
3.72783
4.29690
3.24730
2.48988
3.57370
2.98534
3.10122
3.07120
2.64596
4.35874
5.00000
3.64256
4.72002
3.28877
2.73659
4.38267
4.03245
3.15850
3.12271
3.79838
4.11990
4.07666
3.58877
2.64014
4.51090
2.55492
3.15109
4.10801
2.68558
3.83355
3.32067
3.81310
4.31359
4.08761
3.44732
4.14273
3.93266
4.18953
3.74658
2.53219
2.36347
3.70035
3.43485
4.87727
3.78028
4.88804
2.91948
2.70269
3.68490
2.06185
4.74736
4.02564
2.84929
3.21047
4.05062
3.04943
3.57105
3.93729
4.53697
4.49598
3.52706
4.18941
3.93093
3.71851
4.19741
3.77762
3.72071
3.32591
3.08221
3.11360
2.62949
4.00547
3.01308
1.75030
4.16441
3.28246
2.69806
4.07247
2.89766
3.62663
3.12840
2.80602
3.75672
3.92281
4.79545
3.76839
2.74284
3.26732
3.62287
3.00761
2.28337
2.21893
2.84692
1.85491
3.46488
2.70987
3.36118
1.72459
1.33780
4.54448
3.74870
2.94290
4.50792
4.46655
4.14588
4.12994
3.28736
3.16248
3.93066
3.74305
3.84253
3.40714
4.36831
3.65519
4.52741
4.48390
2.70855
3.37623
4.02134
2.54339
3.82475
4.60932
4.30614
3.68919
2.81723
4.53795
3.00917
4.35669
2.60406
3.25692
3.65087
3.00000
4.00409
1.86094
4.64162
3.65603
3.71636
3.83600
4.43080
3.29954
3.81554
2.25267
3.22537
4.28985
4.11483
3.91521
3.11200
2.80344
4.06909
2.44697
3.56495
4.99944
3.98290
4.49297
3.93502
4.22853
3.22431
3.68104
2.54975
4.28574
2.19571
3.88483
3.93329
3.46864
4.18304
3.34071
2.92104
3.85086
2.63038
3.57317
4.08568
3.97659
3.43640
3.39609
3.46436
3.22061
3.24243
4.10143
2.88389
2.77459
3.16335
4.06853
3.29472
4.24081
4.14963
3.08014
3.64029
2.75416
2.37794
2.70246
3.58354
2.39099
3.57850
2.66209
4.66150
3.80061
3.57573
1.51185
3.34864
4.51585
4.23906
3.50088
4.34147
3.21241
3.51021
3.24051
3.11805
4.30047
4.09060
2.95680
3.52257
4.70485
3.97014
4.34301
4.25686
3.77408
3.20159
3.82944
5.00000
2.69930
3.80960
3.28969
2.79939
3.15872
1.61767
3.96446
4.58365
4.31119
3.73109
3.54771
4.37557
3.62646
3.40057
3.59342
3.15539
4.60859
3.00518
3.97634
4.39780
4.14587
1.89622
2.55430
3.05842
2.62251
4.52219
4.49147
3.36492
3.76418
3.49930
2.88776
3.46796
4.38320
3.81218
4.66270
3.30264
4.83167
4.16982
3.84859
4.09483
3.67213
2.42897
3.70122
2.88237
4.03457
2.89144
2.78842
2.91324
2.98556
3.79416
4.62000
3.72069
2.80562
4.32911
2.08941
4.24283
3.52579
3.26477
3.89935
3.66521
3.46235
3.52152
3.61559
3.66093
3.91767
2.53581
3.94650
3.80930
4.92242
3.49687
4.03918
2.65733
4.41000
3.76721
4.50665
3.87089
3.96899
4.32070
4.39480
2.96116
4.29200
3.06180
4.38974
3.30443
3.77722
3.57906
3.89007
3.19659
3.62107
1.98140
4.10219
3.90275
3.60652
3.31183
2.99629
3.07373
3.22644
3.84435
4.89290
3.58708
3.78361
4.31942
3.38948
2.60940
2.98615
4.02540
3.24247
1.93702
4.17697
1.95368
4.56941
3.52118
2.45730
2.22714
4.29017
4.37063
1.26652
3.17876
3.64914
2.54705
3.03109
4.30701
2.10192
3.73518
4.56334
2.42411
2.50103
3.50976
3.89671
4.80990
3.30689
2.86570
3.63318
4.13851
3.52802
2.92673
4.37545
2.56239
2.87871
2.82271
3.35714
4.17240
4.02098
4.27111
4.38880
3.99861
3.58436
3.62575
4.03069
2.51200
3.04313
3.89764
3.86808
2.34331
4.15727
3.13931
4.18682
2.70806
3.28811
2.04449
4.01035
3.08544
3.27771
4.00644
4.05118
4.11352
2.56213
3.03922
3.41625
2.99401
2.74374
4.25240
4.34739
3.16226
4.33262
3.36393
3.97433
2.03114
3.72155
3.82841
3.66953
4.08241
4.01084
1.65108
3.55065
2.39038
4.15314
3.33239
4.05058
4.61608
3.83754
3.60556
3.04066
2.61035
3.49023
3.51692
4.41010
4.28182
2.40228
2.29788
3.71903
3.63673
3.62143
3.74966
3.40956
3.91463
3.48289
2.57317
4.31900
2.83427
3.28748
3.98576
2.42870
4.17956
3.69772
2.99844
4.39053
4.75105
4.11814
4.11741
4.63683
3.41918
3.76508
3.96389
4.15757
3.94155
4.30521
3.43587
3.45388
4.17536
2.62101
4.10122
4.06517
3.86696
4.09774
1.58908
3.75061
3.66814
3.76125
3.49611
3.10679
4.34744
2.81198
4.60090
4.05345
3.28800
4.08077
4.83292
3.76087
3.36021
4.14550
4.01576
4.65869
4.47725
3.60458
3.52572
3.57059
4.12984
2.26522
3.39711
3.68937
3.77366
3.36039
4.51796
4.56790
4.14984
3.53969
3.98667
3.21492
3.51151
2.99170
3.65438
4.11679
2.98449
4.61414
3.42897
3.50089
2.72298
3.10460
3.46239
2.65675
3.50109
3.49037
2.83965
4.41361
3.61665
3.03049
4.05007
3.39575
3.39118
3.10477
2.99403
2.41242
4.05164
4.10101
4.07484
3.53772
3.12619
3.72458
3.68142
3.87114
4.80491
4.18382
4.38513
3.28292
4.47860
3.08140
3.98220
1.63958
3.62907
3.01825
3.22460
1.71974
4.01106
4.25437
3.01228
3.69523
3.61861
1.97962
3.11156
2.70100
3.63935
2.14597
2.82419
2.93880
3.24897
3.19328
4.54322
3.97800
3.26341
2.90071
3.51719
3.20643
3.16130
4.79767
4.14989
2.54071
1.89685
3.96045
3.89799
3.72171
3.59226
3.43375
3.91150
3.83431
2.45550
3.13657
4.19924
3.95648
3.95436
3.87685
3.06878
3.16605
3.58984
4.27293
3.56610
3.43249
3.79449
3.42901
2.64160
4.43872
3.92572
4.20796
4.36223
3.66211
2.84969
3.64040
3.39537
4.68315
3.18417
3.35647
3.63114
2.96734
3.45877
4.22226
4.23621
4.09976
3.70748
3.16507
2.38194
3.70960
3.81743
3.66701
3.88046
5.00000
4.37654
3.34251
3.97491
4.71305
4.45695
2.80542
3.97537
3.74128
4.15573
3.78569
3.18949
4.17275
3.71536
3.59925
4.75229
3.67626
3.36721
4.30768
4.56714
2.42112
3.74909
3.25051
4.88157
2.52514
4.09336
2.60790
1.00000
3.07416
3.80839
2.89387
2.78576
3.38211
3.82436
3.05656
3.16028
3.78490
4.33184
3.50379
3.95468
4.00472
4.02132
3.09364
3.38195
2.34961
3.76205
3.13805
3.30503
3.78826
3.35474
3.04305
2.75996
3.20002
3.87481
2.26192
1.00000
3.62686
3.79898
2.83989
3.49790
4.94955
3.99301
2.13926
3.76031
4.53341
3.74804
4.10359
3.98658
3.27650
4.32268
4.38877
4.24867
4.26321
4.02714
2.84333
2.71043
2.64970
1.00000
4.07639
4.23892
3.87441
4.08224
3.03543
3.96136
4.48720
4.50884
4.08538
4.34150
3.48282
3.24350
3.88108
2.37308
3.69487
3.66705
4.23861
3.48861
3.97689
3.31053
4.72921
3.54812
2.98718
1.89737
1.35603
4.35781
3.48102
4.50585
2.07670
3.27082
4.18058
3.36824
2.87618
2.63755
4.36635
4.33798
3.37875
3.00741
3.27913
3.79167
4.31773
2.62340
3.96817
3.58030
3.47877
3.54781
3.69293
4.11953
3.45520
3.52792
3.83597
2.34648
3.05915
3.72560
3.49862
4.32785
3.65393
3.52194
3.69041
2.80812
3.13800
4.03410
1.99793
3.58476
3.51871
3.34531
4.43655
3.10972
3.18887
3.12370
4.42074
4.65432
4.25563
3.91989
4.68442
3.08232
4.79324
3.94908
3.44523
3.06195
3.68822
2.51918
3.97040
3.24305
3.79223
4.18902
2.01900
4.57060
3.75497
3.79304
3.97565
4.10232
3.07004
3.01256
4.28400
3.79753
3.40808
3.05957
4.04118
4.33787
4.13552
3.63219
2.70274
4.24148
4.34407
3.99907
4.13142
3.04696
2.73706
3.96181
4.17061
4.51119
3.43421
3.62681
4.14437
3.08494
4.58688
2.77256
3.99796
4.42740
3.81917
2.33719
3.59097
3.84876
3.77650
2.99690
3.72383
2.90322
3.02784
2.43386
3.83174
4.43576
3.86397
4.43865
2.92298
4.55146
2.31983
3.83083
2.99401
1.76091
2.81113
3.41109
2.70565
3.75148
4.35126
3.93683
3.42860
2.29754
2.16588
4.04068
4.12457
3.42901
3.81987
3.17863
4.23010
4.27884
1.98475
3.27435
3.76634
4.28624
3.56337
3.42734
3.51253
2.59732
1.19926
2.88031
3.27189
3.88848
3.45822
4.40553
3.60395
3.25271
4.10869
5.00000
3.79014
3.96578
3.84273
4.52516
1.81960
3.47984
4.24000
3.58367
4.71118
2.80598
4.38496
4.20060
4.14898
3.76901
3.99850
2.21265
4.51873
3.97781
3.01355
4.07062
3.67727
2.42702
3.66648
3.21968
3.82290
3.27684
2.61073
2.17350
3.78987
3.01485
1.74415
3.60707
3.31346
3.19657
3.11025
2.60232
3.70740
3.91452
2.68329
4.01795
3.80306
1.92226
2.80621
2.84124
3.88573
4.29638
4.06016
4.13769
3.14412
3.61869
4.15690
2.55865
3.78281
3.46363
2.03041
2.60637
3.84953
3.09723
4.45097
3.46970
2.83965
2.02486
4.44599
2.56331
3.86675
2.32175
3.16200
3.53789
2.35751
3.93202
3.87312
2.57062
3.54138
3.71491
4.28656
4.40944
2.89648
3.56123
3.67678
3.82952
4.04865
2.85951
3.81813
2.37633
3.43989
3.60886
3.31397
4.00849
4.74065
4.62887
2.84193
3.86314
3.15932
4.20031
2.77673
3.47072
3.82655
3.25200
3.26425
3.39559
3.83982
3.15876
2.77317
3.22363
3.06925
4.23002
3.55282
4.22415
3.62484
2.45186
3.02997
2.99754
3.38568
2.81103
2.04161
2.99858
3.10681
3.23521
3.50206
3.25364
3.53553
4.52777
3.83103
4.24988
3.91910
4.11894
2.42733
2.15577
3.43736
4.35712
3.60488
4.17575
3.91417
3.58954
4.56570
3.98757
3.94316
3.23731
2.88057
3.42277
2.82844
3.52277
3.61649
3.43142
2.03258
3.76008
2.77967
3.81410
2.83761
3.60441
3.47949
3.32059
3.23322
4.25046
3.38523
3.41388
3.48741
3.56802
4.87063
3.44884
2.89123
2.80387
3.56498
3.06794
4.42512
3.25169
3.68054
3.13091
3.64639
3.66746
2.61753
4.35000
3.71309
4.32660
3.16620
2.50661
4.10715
3.54113
3.81806
3.59839
3.76419
4.60462
4.16799
3.87017
3.45482
2.73624
4.07095
4.48563
1.55988
3.21027
3.81442
3.56124
3.05815
2.64200
4.48993
4.60786
3.39908
4.10397
4.06817
4.46732
3.58925
3.72887
3.33595
3.17366
3.76258
4.00927
3.01008
2.83359
4.27999
3.74526
1.00000
2.98822
3.48828
4.21012
4.62432
4.64728
3.23027
3.41730
3.80864
3.23227
4.60538
4.35300
4.22176
3.70790
3.25982
2.85876
4.85211
3.05016
2.44697
3.36718
3.94556
5.00000
3.16840
3.31874
4.14161
3.05463
2.97055
2.89878
3.84700
4.43009
3.46598
4.23453
2.42223
4.24389
3.71296
3.29786
3.33531
4.88252
3.54187
3.38039
3.55129
2.81061
4.13140
3.58532
4.31700
3.82595
3.54021
3.86980
3.55039
3.25530
3.80141
2.65132
4.05680
3.86659
3.10075
3.30124
2.98192
4.20277
3.63481
3.40733
3.39394
4.04664
4.17890
3.51050
4.04106
4.31975
3.11750
3.68950
2.97264
4.55245
3.44858
2.29512
4.37867
3.30672
3.95613
3.31550
3.56213
3.61510
3.89508
3.25195
2.96268
4.41383
3.44607
3.43270
4.52826
3.67358
3.04722
3.62052
2.82076
3.43490
3.85463
4.10779
4.52546
1.00000
3.69969
3.02112
4.12899
4.09465
4.35026
3.33261
3.05811
1.32769
3.32716
3.70589
3.88953
3.77069
3.65793
2.29252
3.83490
4.22469
3.36367
4.18498
3.98308
4.23385
3.07167
2.22859
4.82163
4.37097
3.29383
3.98394
3.08824
3.07055
3.20728
3.81539
4.39882
2.67520
2.93008
3.44929
3.70508
3.53104
3.12996
3.92742
4.33972
3.38279
4.00778
4.08052
3.82477
4.19887
3.80211
3.52289
3.88781
3.05770
4.17754
2.38840
3.57540
1.03257
3.53584
3.56435
3.98736
3.58082
2.23695
3.95307
3.17347
4.74913
3.85841
2.65526
4.68241
3.33524
3.50576
4.09070
3.39331
4.31800
4.09423
2.72134
4.23980
4.12532
4.21888
3.05595
3.26851
3.79558
3.77113
4.21055
3.34463
4.07448
4.00000
3.92120
2.35755
4.74831
4.24057
4.54954
2.88447
4.11713
3.47291
2.90001
3.99582
4.36292
4.42249
2.47558
3.03185
3.18364
3.29546
3.07097
3.79416
3.38433
4.31869
3.90745
2.66958
2.83904
2.70087
3.72924
2.86968
3.81958
3.78017
3.36538
3.42645
3.84777
4.33958
4.17037
4.61316
4.28057
4.32918
4.26525
3.72480
3.14893
3.78659
4.06352
4.47015
4.65185
3.63882
3.65728
3.59327
4.28812
3.83524
3.96568
2.61448
3.29667
3.48468
2.29389
3.12962
4.19705
4.64320
3.96790
3.24474
4.09721
3.32699
2.23843
4.43320
4.46374
3.72977
2.78057
3.94768
3.82628
4.22265
3.50112
2.97732
3.87391
2.96582
3.91366
2.29684
3.31413
3.49119
5.00000
2.87852
2.80878
3.17627
4.53826
4.90460
2.68401
2.78233
3.43326
3.60498
3.02406
3.97569
3.37999
3.70975
4.27039
4.20938
3.46611
4.22865
3.05333
3.46733
3.73016
4.02348
3.76174
2.99066
4.11921
3.12141
4.24250
3.03445
4.03676
3.86308
4.62289
2.80879
4.07938
3.91736
3.56568
4.94162
3.51961
3.05323
2.72647
3.93961
3.71699
3.26640
3.87325
4.22139
3.04622
4.77000
3.13895
3.06900
3.95671
3.61832
4.01215
3.80147
3.92865
4.77438
4.34891
3.24329
3.26867
3.30804
3.53304
2.80195
3.11871
4.22765
3.64437
3.68411
3.86502
3.35723
4.24418
1.61416
3.48842
3.85458
1.15552
3.50189
2.43621
2.85152
2.13665
3.57870
3.35987
4.55541
3.87159
3.76966
3.67718
2.74973
3.66297
3.87788
3.99759
4.56835
3.63280
3.88529
4.31262
4.34708
4.45185
3.14738
4.12341
2.10449
3.56808
3.07755
2.59509
3.08407
3.92098
3.62295
2.64894
2.69159
3.79525
4.02475
4.01624
2.36660
3.59579
3.73830
3.00933
3.83721
3.34638
2.96798
3.02782
4.80176
4.39435
2.89373
3.72017
3.70301
3.95359
3.04547
2.92687
4.40396
2.64010
3.78946
2.99750
2.47197
4.16043
4.73791
3.71584
3.32512
1.77836
3.03197
3.45268
2.61385
2.87231
3.78442
3.30687
2.84187
4.47102
3.58566
3.54835
3.36450
3.44680
3.18219
3.70110
3.69892
4.81249
3.53084
4.80084
2.51689
3.27241
4.12337
3.13796
3.57005
3.85062
3.67113
4.59733
4.13919
2.61779
4.05320
3.51767
3.19302
3.35234
3.38273
3.64836
4.07328
4.21073
4.31208
3.80629
4.01468
3.25466
3.51171
3.74190
4.24823
3.86484
4.49859
2.95615
2.62278
3.17778
1.56479
4.15219
3.02308
3.83540
3.81717
3.90599
3.85830
3.76247
2.22072
4.35311
3.59012
4.29973
2.21633
3.51875
4.25179
3.36382
3.93385
2.74149
4.09420
2.49869
4.78575
4.20467
3.26201
4.81547
4.04113
2.95070
4.25658
5.00000
3.71194
3.55537
4.57969
3.99692
3.54365
1.35741
3.28344
2.40233
3.66268
2.94904
4.08108
1.83588
3.47003
2.89231
3.37906
4.87243
4.39499
4.74591
4.53215
3.97939
4.00000
3.01549
3.30287
3.57882
3.67482
3.75160
4.09946
2.81330
3.67033
5.00000
4.03541
4.50347
4.15413
3.88327
4.69905
3.71536
2.90800
4.40922
4.01162
3.67134
2.80269
1.49143
4.36065
4.37721
2.48651
3.84116
3.79350
2.07535
3.24483
3.52795
4.24982
4.88327
4.33900
3.59418
2.66813
3.58894
2.75356
3.79652
2.02324
3.71358
3.71080
3.24830
4.68196
3.69455
3.61176
1.19221
2.67187
2.87050
4.04850
4.44376
3.63487
3.79753
2.18843
2.83283
1.61845
3.61945
1.77459
4.02192
3.30046
3.03254
3.73280
4.04615
3.46385
3.65027
4.10714
3.58285
3.28005
4.02690
3.79999
4.48387
3.99386
1.52068
4.32939
2.69488
3.14076
2.92610
4.95064
2.90690
3.05033
3.67116
3.41071
3.65663
3.60781
4.12210
3.81397
4.08374
2.73699
3.97961
3.30285
3.36396
2.32591
4.06105
4.84889
3.68032
3.93900
3.11738
3.37262
3.13469
3.73904
3.61908
3.02362
4.42382
4.32105
3.92787
3.28820
2.95291
3.37568
3.21418
4.67777
3.64031
2.79136
4.13172
4.35435
2.99386
4.23988
4.74161
4.37599
3.22136
4.43718
3.87399
3.16261
3.57771
2.67679
4.02985
3.66601
4.54826
3.19891
2.13475
3.44290
3.07559
3.50077
2.22663
3.68750
4.70043
4.62147
5.00000
4.25372
4.32189
4.20179
3.83035
1.95893
4.50477
3.15573
4.72993
4.14439
3.64322
3.23652
4.13497
2.53178
3.77657
2.40706
3.89971
2.48277
3.65139
4.85631
3.38016
3.25074
3.29247
2.44440
3.22096
3.72230
3.86211
4.02207
3.27966
3.99143
3.45129
4.47364
2.84104
1.99886
3.90925
3.50637
3.61395
4.67431
3.54220
2.35728
3.74774
3.61060
2.93435
2.48655
4.38587
2.73367
3.75058
3.65020
2.70433
4.27682
3.25977
2.80689
1.95520
2.19276
4.30963
3.68512
3.57630
3.87195
3.47228
3.85925
3.47528
4.34684
3.67214
3.76746
4.17288
4.33812
2.44849
4.28944
3.03481
4.12378
1.87395
2.63653
3.12009
2.29205
3.30494
3.51349
2.70135
4.24714
3.27886
3.56683
4.68138
4.25855
2.95303
3.91600
4.06558
3.36945
4.74442
4.36466
4.11159
3.98200
3.97448
3.60279
4.04260
3.45332
3.53341
3.66899
3.27049
3.15171
2.97119
3.70785
3.56567
3.72187
4.03793
4.01294
4.15392
3.73069
3.26371
3.68915
3.72589
2.89812
4.10660
2.88379
3.70373
2.79796
4.21301
3.35305
4.15986
2.88005
3.96807
2.72173
2.36854
3.21311
3.04199
3.02473
3.22047
3.03619
3.92452
2.93275
2.93508
3.46432
4.14289
4.31299
2.67457
4.48725
3.79498
3.55855
4.18514
4.38123
3.92476
3.07373
3.04938
3.29249
1.97458
2.72248
4.04519
4.14096
3.77495
4.38780
3.30637
3.11163
3.80725
3.62129
3.23142
3.38783
4.36488
3.54852
4.41170
2.71322
3.22394
3.14239
3.63386
3.58462
3.01127
3.14962
4.89580
2.61111
4.54349
4.11742
3.33926
3.69958
4.25655
4.61012
3.54069
3.99084
3.97236
4.40457
2.53421
3.23769
3.50152
2.38707
3.49928
4.13645
3.40156
4.34367
3.83603
4.18322
4.54159
4.08613
4.07166
3.56397
3.71315
3.00271
2.99352
4.51465
3.29431
3.47139
4.32913
3.65465
4.04634
3.99325
3.30191
3.41140
2.51216
2.50256
3.49732
4.85775
3.16456
4.07511
4.69764
4.21137
3.41956
3.07636
3.82921
1.58587
2.75310
3.08385
2.84760
3.79618
3.54278
2.51777
2.36302
4.15412
2.90830
4.17696
2.27489
3.53312
3.91612
3.41101
3.90465
2.19944
4.18625
3.11678
4.55776
3.46430
3.79491
3.49525
4.43605
3.41335
4.43182
2.87001
4.45641
2.14218
2.43783
4.77249
3.10144
4.75268
3.89564
2.40616
3.48203
3.79738
3.01542
3.20093
3.72299
3.69690
2.36194
3.77616
3.88150
4.36374
3.32900
4.32208
3.75604
3.71393
4.74371
4.22041
2.95767
3.07241
3.21656
2.91749
3.26699
3.50424
4.18087
4.94312
3.63110
3.87351
4.30394
3.29831
3.32451
4.54211
3.41156
3.42929
4.09644
2.90499
2.04417
4.34986
4.21917
3.30927
3.29961
3.56005
3.72645
2.29731
3.87595
3.38892
4.33469
3.55333
3.73046
3.76640
2.93652
3.32538
3.13497
3.68670
2.84508
4.21999
4.11501
3.03030
3.54003
3.12436
2.97769
4.30103
3.06774
2.67916
4.66851
3.93854
1.85514
4.16664
3.50049
2.82206
2.32800
2.34097
2.15394
3.70364
3.14062
3.76628
3.76068
3.79915
3.21973
3.79941
1.76334
4.13259
3.68586
3.91392
2.93298
4.02475
1.96883
4.15421
4.30058
4.23751
4.03932
3.43671
2.67571
3.42130
3.36385
4.34106
3.76731
3.58806
3.93197
3.99687
4.37715
2.51001
2.92751
3.04859
3.24610
2.83460
3.52440
3.95542
2.90916
2.50013
3.95520
4.48384
2.87323
4.35909
3.41023
3.28654
4.00961
3.35680
4.08088
3.13438
4.11935
3.68496
3.66520
3.97903
2.99085
3.33706
4.39907
2.69665
3.93138
4.13079
3.85607
3.62119
4.29913
3.82637
3.09354
4.44322
2.66509
2.62970
3.43798
3.59446
2.65618
4.30598
3.59842
3.59993
2.28825
2.96340
4.08862
3.08188
3.79712
4.19150
3.94139
3.35004
3.74108
1.70347
2.81663
2.91307
2.83901
4.46069
4.33712
3.22624
3.91524
4.10981
3.88144
2.39286
2.76404
3.03247
3.69609
3.40967
3.42824
3.39185
2.87764
2.46640
4.30545
2.37222
4.14153
3.93002
3.06789
3.90187
3.26891
4.29744
3.98323
3.79057
3.70030
4.07042
3.46489
4.41435
3.76799
4.40686
4.31786
3.90737
3.61940
3.83326
3.34897
2.66140
3.97290
3.10428
2.92798
4.81192
3.97336
3.65859
3.46819
2.82217
3.70333
3.93980
4.04956
4.61429
3.68741
3.29534
4.07010
2.39024
3.21844
2.70257
3.53454
3.91243
2.37391
3.39658
2.61694
3.54829
3.90150
4.48987
2.40071
3.84111
4.43549
4.14134
3.68318
3.69939
3.60029
3.85453
3.24787
4.37886
3.53673
2.26317
4.05634
3.43764
3.46100
4.15703
3.21617
4.10927
3.63214
3.19213
4.02200
3.10480
4.48937
3.36799
2.28589
3.57594
3.33266
2.81228
3.26156
4.16238
4.37481
3.98202
3.12993
3.36059
3.71804
4.29465
3.70840
3.31831
3.00375
4.17290
4.49703
4.07800
3.76341
4.09523
3.72798
2.96869
3.24504
3.55357
3.96036
4.18920
3.21485
2.97413
3.41118
3.34594
2.79853
2.83453
3.03773
3.45688
3.08628
3.48707
3.28268
3.49197
3.18559
3.77488
3.60664
3.37234
5.00000
4.18808
3.72043
3.92956
3.42003
4.62505
4.27351
3.79659
4.64072
4.41461
4.27634
2.69183
4.36081
5.00000
4.46401
4.42249
3.06222
3.15995
4.03355
2.49083
2.63847
4.02177
3.69527
4.24960
4.66749
3.52303
3.00646
3.91877
2.51945
3.77465
2.96192
4.24698
2.65685
4.19994
2.67098
2.73742
3.49799
4.01689
4.09067
3.24568
3.58128
4.82106
2.21604
2.45730
4.47525
2.50047
3.16940
3.28025
4.50847
4.06214
3.02098
4.03145
3.91213
3.13351
3.87606
3.91672
2.90440
2.72627
4.23844
3.23531
3.53712
4.12993
4.80704
4.67486
3.79467
3.11500
4.08987
3.93387
4.14811
4.47330
1.45255
4.13897
4.00348
3.33963
3.81246
3.64778
3.03468
3.80759
2.69162
2.35966
3.99376
2.68462
4.03511
4.01365
3.44840
3.21359
3.66726
4.35172
3.78673
2.97654
3.45612
2.57676
3.84247
3.80011
3.67108
3.96016
4.28411
3.96198
3.30869
2.00000
4.46354
2.06941
2.71546
3.40288
3.20647
3.38078
3.85607
4.04439
3.09413
4.64759
3.34223
2.94902
4.29821
2.95207
3.73291
4.38664
2.70067
3.76399
4.00952
3.91213
3.86382
4.83370
4.05700
4.20189
4.11451
4.43201
3.51386
3.13861
4.32614
3.72790
3.20570
2.99533
3.42549
3.72318
2.82596
3.65681
3.52184
4.93032
3.14143
3.52992
4.35302
4.33340
2.80273
3.91679
4.16145
3.56850
3.54557
4.02946
4.10317
3.72970
4.15935
4.13704
4.09653
4.51633
2.16292
3.58044
2.94978
3.52699
2.91930
4.43773
3.61671
3.32175
3.28187
3.76473
3.95706
3.78814
4.44304
2.25284
3.21532
4.28934
1.91241
3.62318
2.00248
2.04221
4.29084
3.72077
3.51429
3.99412
3.56222
4.20182
3.92608
3.86017
3.93355
3.01619
4.23727
2.45298
3.22935
2.85485
2.31357
3.31276
2.36680
3.01880
2.70884
3.69343
3.31163
3.99922
3.76323
1.39779
2.19298
3.61119
3.88760
2.49435
4.53666
3.72508
4.57210
4.84398
3.06413
3.43222
3.43599
3.70378
3.98362
3.22012
2.96056
2.26739
3.90561
3.73761
2.83699
2.46665
2.66412
3.42447
4.45904
4.12082
2.82115
3.40186
3.18191
2.66442
2.68371
3.30665
2.76376
3.21538
2.49139
3.27014
3.94613
3.94999
3.49771
3.45217
2.14829
3.19251
4.77519
3.79823
4.65085
3.98219
4.10909
3.67400
4.33294
3.59635
3.94214
3.77785
2.12183
4.03850
3.52448
4.44711
3.61414
3.88345
2.41926
2.94232
3.27406
4.35560
4.02904
3.61308
3.28066
3.30584
3.43663
3.90793
2.97904
2.98261
3.47137
4.17122
4.30329
3.66173
2.55926
3.23272
3.81870
4.35846
3.39333
2.53071
5.00000
1.82189
3.55834
2.99258
3.61586
1.78783
3.94731
2.56275
4.65087
4.12840
1.00000
4.14382
3.59421
4.27314
3.91551
3.97666
4.04474
3.94053
4.60165
2.88605
3.90099
3.37808
4.01209
3.64982
3.35430
2.90616
4.27479
4.46123
4.46379
3.65046
3.54481
3.83194
3.78040
4.39526
1.59349
3.39721
3.74207
3.77553
4.14753
3.20671
3.05960
3.79760
3.91275
2.33285
3.58463
3.52163
4.12062
4.46159
4.60362
3.75598
3.90448
3.63545
4.40669
3.25853
3.93142
4.06953
3.52245
4.62888
4.12250
4.24964
4.67693
4.19137
3.20053
3.22255
3.06903
3.56401
4.11517
2.54965
3.98553
2.42455
2.96143
3.96280
3.82073
4.04424
3.18129
4.57881
3.31377
2.91080
3.91790
4.23133
3.27001
3.95609
4.18828
3.93987
2.52853
3.66101
3.96895
3.92547
3.67051
3.42344
3.61398
4.02441
3.59873
3.52834
2.38414
2.94941
3.38002
4.54744
3.96495
4.04664
4.69204
3.88575
4.80199
3.38813
2.93926
2.83126
4.07411
4.13989
4.73654
3.47070
2.38323
3.69765
3.02783
3.50120
3.63610
3.51908
2.87363
4.13074
2.67189
4.07495
4.33500
3.21221
3.75938
4.50448
3.49815
4.19185
3.36681
2.79830
3.75321
3.34898
4.31837
2.72807
3.31937
3.42578
3.34518
2.95332
4.29725
4.26947
3.70890
3.27206
3.15180
4.20183
3.89267
3.00101
3.96885
3.59603
1.24017
4.07018
3.83466
3.80364
3.27993
3.92516
3.34244
4.45403
2.29893
3.85755
4.22643
4.01299
4.16904
3.14313
4.26311
4.00053
3.67628
3.12254
2.61241
3.78367
4.30820
3.88806
4.22090
3.01188
3.63214
3.03785
3.03275
3.35504
3.54483
3.55156
3.88236
3.41897
2.51391
4.21339
3.53275
3.52362
4.44262
3.77087
2.46167
2.86897
3.62039
4.02714
3.82735
3.56583
4.84808
1.86203
3.37365
4.01472
2.53828
4.32562
2.86310
3.60425
2.84496
4.28230
3.32473
3.72875
2.33411
4.14373
3.55118
3.82566
3.85706
3.92318
4.02507
4.12485
2.49163
2.80947
3.39719
3.78652
2.98593
2.46319
4.68364
2.66222
4.21210
2.55394
4.73463
2.85445
2.55923
3.95685
4.92804
3.93177
3.71199
4.11110
3.04177
4.62438
4.44745
3.70278
4.20086
4.25678
4.46719
3.62043
3.36814
4.03639
4.35659
3.27818
2.84436
1.73623
3.72642
4.33330
2.96603
2.31653
3.20478
4.40932
3.50492
2.44610
2.96559
4.81152
3.75443
3.22855
3.21717
2.95687
4.28343
4.22343
2.34991
3.25574
4.11198
3.35684
4.36721
3.64760
3.76916
2.76869
3.99599
3.86372
3.66453
4.54958
2.86435
3.28120
3.44902
3.54505
3.26988
3.08825
4.45537
2.64076
3.57902
4.67073
3.48611
3.78619
3.11967
4.22939
4.28883
3.22825
4.53561
3.89287
3.92381
2.93264
3.79476
3.35691
4.35114
4.29284
4.32180
4.35451
3.36753
3.46628
1.96141
4.07776
4.15133
4.58974
4.45743
3.76046
3.23230
3.03287
4.27212
5.00000
4.79084
4.19631
3.17522
3.38778
2.89148
4.36842
3.79518
4.57016
3.60781
4.00947
3.57041
3.88451
2.26370
4.18146
3.55859
4.70264
3.06093
2.19024
2.64605
3.04904
4.28323
4.51781
3.82124
3.38829
4.25013
3.44819
2.69239
4.12099
3.88556
3.12122
3.89934
2.36643
4.17652
3.07382
4.64803
3.17236
4.40952
3.48030
3.62210
4.69029
2.65319
2.85031
4.25673
4.32737
3.06735
4.08224
3.79459
3.32073
3.25971
3.02448
3.64604
4.39725
3.43022
4.40873
3.82396
3.02162
4.09567
2.90833
4.70132
2.67845
2.93060
3.48475
3.31937
3.90092
2.92671
3.87712
4.25906
2.41752
3.52176
3.48254
3.59256
3.98990
3.95609
4.68472
2.72921
2.98728
4.14725
3.11916
3.11749
3.37680
4.09480
3.61940
3.11428
2.79953
3.71571
3.45574
2.63601
4.01360
3.58750
3.92288
2.67906
3.61975
3.27104
4.72805
2.80557
3.65729
3.34511
3.18568
4.32871
4.28775
2.94884
3.72870
2.19678
3.19022
3.87951
4.03456
3.05414
4.11756
3.83897
4.42492
2.29157
2.98332
2.99480
4.04495
3.64612
3.25563
3.90589
2.60458
4.30495
2.90399
2.82869
3.25566
1.90635
4.04341
2.88921
3.54501
3.85388
4.73348
3.52548
4.14822
1.31550
2.51272
3.75403
4.36489
2.96514
3.62659
3.72469
3.47908
2.06063
4.06108
4.96242
4.04641
1.72127
3.84261
3.94153
2.10833
4.29313
3.13730
3.24275
4.35047
3.45498
4.09112
4.03829
3.82411
3.06148
3.69591
3.32757
4.24474
4.43224
2.68348
4.06586
2.48113
4.60269
3.52482
2.41952
3.82923
3.03549
3.55667
5.00000
3.20470
3.18512
3.32407
3.99511
3.22500
4.11778
2.58841
4.31148
4.72258
3.25222
3.59371
3.72779
4.41153
3.53994
2.73129
4.16092
3.04365
3.79157
3.94847
2.67146
2.82260
2.97285
3.98430
2.76353
4.59069
4.43353
3.36155
2.86022
3.43376
3.54083
2.99537
3.89018
2.79749
2.42663
3.27745
2.03741
2.98232
3.13431
3.24904
4.58916
4.54366
4.60995
3.22658
3.47369
4.04432
1.77397
4.05195
3.77175
2.21747
4.02959
3.92904
4.36452
4.55915
3.35132
4.29278
3.86332
2.34404
4.72398
4.07890
4.42857
3.21357
2.64279
3.04287
3.97471
3.82501
3.64482
2.50240
3.04496
3.42111
4.22777
3.78864
4.73715
4.83349
4.00105
2.79336
1.78775
3.40179
3.97900
3.53024
3.63718
4.32030
2.71757
2.28703
2.34428
4.27638
4.02217
4.16126
4.00000
2.98442
4.27596
3.01634
3.99664
4.54647
3.49703
2.25695
4.28354
3.20921
4.17998
3.97771
2.30837
3.41699
4.21351
3.24395
3.67639
4.08493
3.67245
3.63720
2.69566
2.71714
3.21409
3.98284
4.30393
3.50787
3.94987
3.09637
4.37721
4.01196
2.96212
3.52383
3.38391
3.49861
3.40568
2.26173
4.74082
3.96968
4.02145
3.79009
3.97490
3.80821
3.60388
2.67399
4.80592
4.24514
3.30677
3.77465
3.23687
3.20383
4.02880
4.56736
4.55697
4.36496
3.84493
3.74784
3.69619
3.91747
3.46521
3.84720
2.48275
3.72431
4.62367
4.08169
2.75296
3.22063
4.08036
2.24304
4.42757
3.79568
1.61560
4.22557
4.01938
3.44977
3.20252
2.69148
3.97717
4.20660
2.94580
4.03065
2.30586
2.83844
1.64360
3.75391
3.71545
3.24785
3.71547
4.47360
4.11508
3.77905
2.73313
3.97042
3.05501
3.64575
1.00000
3.13964
3.55172
2.75418
2.43020
4.07589
3.64721
4.00642
4.31108
4.07772
2.96493
3.12286
4.39736
4.30782
4.29093
2.96385
3.32584
3.41474
3.89518
2.65085
3.08989
3.97395
3.38768
3.25576
4.42517
2.52569
3.57345
4.41138
3.99840
3.25284
3.02407
4.16791
2.99849
4.02586
3.82348
3.53115
2.43499
4.50441
4.55845
3.76010
3.35673
3.65136
2.91523
3.07829
3.54941
2.21362
4.31566
2.94582
3.71021
3.06388
2.94826
3.90403
3.65317
4.46505
2.47432
2.49378
2.78491
3.82358
3.43400
4.42457
2.41536
3.58782
2.60582
2.91336
3.64963
3.18612
4.64409
4.52739
3.13733
4.10754
3.24823
3.21674
3.67193
3.17933
4.14164
4.10948
3.99695
2.61829
1.33943
3.26826
4.27014
3.72715
4.01242
2.01285
3.35511
3.21729
3.09916
3.45615
4.63640
2.84904
4.02925
4.22432
3.74811
2.93386
3.43863
2.37093
3.48949
3.95338
3.31235
2.59416
4.19798
3.65872
3.46177
4.23724
3.69023
2.52434
4.13199
4.18194
2.69151
3.70392
3.21086
3.75106
2.45375
3.68197
3.30426
2.88290
3.33844
3.25959
3.86331
2.91315
3.39468
4.07513
4.25107
3.70633
3.36308
4.53689
2.18624
3.20727
4.05451
3.17674
4.34147
3.52219
2.70093
3.25347
4.38593
2.90253
3.90117
3.76783
4.84836
3.45654
2.90449
3.26283
3.20271
4.26575
3.63225
3.82997
4.52192
4.13464
3.84927
2.00040
2.79507
3.39394
3.79896
4.15507
2.64495
3.71338
3.50351
3.51668
3.81873
4.03831
2.90809
2.68094
3.14195
2.83327
3.46296
3.49647
3.75481
3.65975
3.23023
3.65762
4.00539
3.33868
4.80881
4.08593
3.57022
3.86507
2.26956
1.64240
4.11772
2.80531
3.27770
4.49640
3.21647
3.52616
3.52808
3.58582
3.39894
4.20826
2.64955
4.36226
3.74813
3.63842
3.63771
3.70359
4.18892
3.72916
4.06926
3.92917
3.89134
2.72026
3.35093
4.39176
3.29987
4.05711
4.56077
3.27542
3.84515
2.81176
3.85114
2.58499
2.38042
3.28298
4.53462
5.00000
2.71251
4.14433
3.12661
3.11658
1.40081
3.40632
3.10398
3.77060
2.94310
2.41292
4.20644
3.76188
3.92679
3.38279
4.11877
3.06090
4.13851
4.43372
2.30165
3.64200
3.76938
4.59765
3.93754
4.84987
2.75266
3.16698
2.90692
4.18975
2.45672
3.21568
2.99276
3.15421
4.05513
3.44546
4.37100
2.92052
3.92411
3.23314
3.21277
3.41069
4.50687
3.76614
4.41428
2.93365
2.98822
3.92932
4.69544
3.84752
3.14097
3.05320
4.56119
3.65743
3.66934
4.21311
2.99545
3.01867
3.85811
4.38701
3.85683
3.84360
3.16833
3.89753
3.07788
4.74428
3.85658
4.30699
3.89911
3.05583
4.52311
3.98553
3.34146
4.13732
2.96073
3.90136
3.77896
3.89257
2.52078
3.19544
2.99321
4.25337
3.75573
3.65636
3.98086
4.04299
4.39656
4.63652
4.19586
3.33986
4.31154
3.35263
2.26806
4.22307
3.05213
3.57488
3.42497
3.16007
4.15965
2.80795
4.12928
3.27968
3.74511
3.42042
3.69515
3.75783
3.43954
3.50029
3.08864
3.71049
3.36403
3.21918
3.81406
4.33360
3.04538
2.34607
3.15948
4.24647
4.23685
3.43754
3.49986
3.34822
4.05886
4.25048
2.58196
3.07396
4.09701
4.41060
3.69979
3.87418
4.41004
3.90916
3.93274
3.82390
2.73713
1.00000
3.36365
3.93934
4.32157
3.22036
3.32901
3.20570
3.17909
3.68469
3.54962
4.55678
4.02557
3.96257
2.62141
2.66310
3.74335
4.34811
3.06057
4.12715
3.52049
4.08424
2.31893
3.25069
3.07601
3.28946
3.28273
1.49886
4.19760
2.42400
4.37365
1.80848
1.00000
4.36275
4.52718
3.97145
1.63356
2.80751
4.11569
1.42665
3.28946
3.43539
3.17407
4.02607
4.31302
2.88517
4.04890
4.66967
3.95765
3.28680
2.61943
4.64480
2.08746
3.53311
3.68414
4.57318
4.13733
4.33540
4.01840
4.09086
4.07138
3.83864
2.87721
4.49523
3.22591
3.96552
3.14321
3.69049
2.84130
3.71414
3.17683
3.11047
4.09797
2.97086
3.68867
3.62115
2.67251
4.13639
4.74607
3.69522
3.49831
4.11609
3.96805
1.80266
3.27507
3.78586
3.37051
3.61504
3.70004
3.91455
4.29393
3.57612
3.35492
3.63835
3.82584
3.33250
3.82612
3.86540
2.67312
4.55223
1.82577
3.60890
2.09980
3.34652
3.87284
4.35231
3.77670
3.71475
4.11015
3.29021
4.12235
2.79443
4.17680
4.29007
1.11021
3.55506
3.32437
3.79448
3.67215
4.06352
3.40332
3.69453
4.39184
3.79009
2.87057
4.08933
2.30952
4.51149
3.18386
2.06815
4.12142
3.76029
3.11645
3.27203
2.58365
3.60640
3.85465
2.98697
4.69668
4.03601
3.79722
3.86087
3.05981
3.44704
3.81987
3.87406
3.60068
3.11638
2.29498
3.51159
2.75929
3.72805
3.91494
3.59605
3.48302
3.45021
2.83318
3.72163
4.17569
4.05936
3.74786
3.84987
3.66902
2.21728
2.29439
3.25471
3.63706
3.27880
3.81971
2.51190
4.10262
4.18777
3.50557
3.53524
3.81405
4.66060
2.33562
3.77760
2.69907
4.14836
3.43305
3.75781
3.36738
3.93309
3.35520
4.15449
2.89345
3.86179
3.61746
3.99038
3.87697
3.72067
2.68755
2.21425
2.75840
3.26604
2.59184
2.53600
4.65734
3.90439
2.77295
3.72101
2.92484
3.66455
4.33565
2.13751
2.82926
3.89587
3.98734
3.26483
3.78998
4.27896
3.73428
3.56169
1.62850
4.62154
4.18382
3.78559
5.00000
2.45504
3.13702
4.19598
3.89645
3.79335
3.59763
3.67003
4.62578
3.15596
4.02276
1.90173
5.00000
3.03955
2.57987
3.24732
3.20696
3.80141
3.55476
3.43108
3.67053
4.24382
2.43667
3.16780
4.31281
4.21117
3.93418
4.08395
3.92826
2.89386
4.27453
3.09677
3.41515
2.64892
4.57001
3.14942
2.46328
2.90922
3.18261
3.80919
3.61877
3.43674
3.67975
2.85089
4.23349
3.52151
2.60621
4.57720
3.21586
3.48994
3.46704
2.87941
3.39193
1.94681
3.90947
4.67018
3.56212
3.19749
3.52040
2.20493
2.50555
3.29124
3.96173
4.20012
4.40361
2.34996
3.79759
4.30569
2.22682
3.81548
1.11551
3.91513
3.69825
1.85488
3.53956
2.50000
4.15739
4.08473
3.86774
3.10016
2.75370
2.92126
2.90408
3.29561
4.13307
1.97313
4.61134
2.06920
3.16400
3.49456
4.37372
2.23043
3.99305
3.46828
2.93925
2.46322
3.55721
4.18756
3.20736
4.29551
3.36162
4.46782
3.76712
3.19598
3.51077
4.26498
4.14675
2.50000
4.10700
3.14284
3.97547
4.23392
2.84584
3.82633
4.44710
3.58342
3.46209
3.96313
3.81557
4.77737
3.45315
2.57882
4.47298
3.29329
4.34380
4.59436
2.89192
3.64889
1.58607
2.66758
3.06921
3.53604
3.14270
2.61572
3.13604
3.81594
3.89893
1.47355
3.62891
3.10892
3.57580
3.78645
4.28302
4.65909
3.63567
1.94015
4.50297
3.83521
2.95253
3.28289
2.99434
3.99310
4.46378
3.11523
3.61480
3.75014
3.07837
3.66481
3.56143
3.04626
3.13999
3.53797
4.12915
4.48295
3.24585
4.25057
3.16809
2.31390
4.28107
3.23019
3.27501
4.75371
2.66667
4.11267
4.10479
3.98660
3.24602
3.83904
4.03370
3.22296
3.46904
4.76305
3.00035
3.24415
3.11619
2.90080
4.07365
3.77465
4.09691
2.01000
3.28748
4.68946
3.99462
4.77838
4.06746
4.72433
3.23265
3.70688
3.93626
4.72319
2.16725
3.27777
4.22184
4.61051
2.42321
3.38290
1.07632
4.69478
3.98201
5.00000
1.85698
2.91548
3.74563
2.27642
4.53715
4.21779
3.53960
3.94860
1.97321
4.47935
3.81638
2.71024
3.73106
1.93164
3.88541
3.51909
3.04154
3.45876
3.98879
4.30172
4.46016
3.59515
5.00000
3.48591
1.00000
2.00411
3.70855
2.41583
4.41946
4.89628
2.52365
3.82561
3.99602
3.47328
3.46458
3.80204
4.64260
4.24627
3.77833
4.34078
3.40437
3.00052
3.24437
3.06424
4.50052
3.59130
2.64811
3.90315
3.67135
3.52751
3.12081
3.19985
3.80285
2.61341
2.21612
3.73585
2.82546
3.53966
3.65458
3.44279
2.59010
3.49927
2.39298
3.35041
4.20528
3.72547
4.26418
3.90595
3.05429
3.71628
3.74070
3.09489
4.69149
2.81538
2.45907
3.43342
2.50736
4.58103
4.12231
3.19975
3.40414
2.66276
3.83227
3.10225
4.56508
4.28138
3.51852
3.60727
2.78753
3.64872
4.11659
4.06666
3.68292
3.82030
4.01545
3.19600
3.72126
4.39288
2.07604
3.35855
4.21634
3.54687
2.95029
3.45860
3.44896
3.78678
2.46193
3.17351
3.97101
1.81960
3.39735
3.06953
3.94800
3.47384
5.00000
3.87330
3.83276
3.18378
4.07682
4.17323
3.23814
3.32708
4.25486
3.44767
4.08602
3.38380
4.28331
4.28705
3.61702
4.32049
3.33398
4.54772
3.31968
2.68232
4.02949
4.49312
3.24698
4.41034
4.14034
4.12179
3.50000
4.15114
3.93439
2.73709
4.44012
3.72723
3.47725
2.99906
3.80534
1.72334
2.54993
4.25853
3.28731
3.82172
3.52150
3.27425
3.44638
2.00086
4.60809
4.04278
3.69997
3.10756
3.26132
3.25164
4.10753
3.58275
4.08210
4.14811
3.76405
3.63171
2.84165
2.99304
2.04601
3.35165
3.18006
3.27566
3.26246
3.23674
2.67327
2.82252
2.64191
4.05618
3.56240
3.33570
3.79948
3.28177
4.05167
2.21608
4.77211
2.85763
4.17499
3.00071
3.38680
3.60955
4.41674
1.92978
3.60500
3.07478
4.06273
4.44585
3.92892
2.69976
4.25963
3.65038
3.27136
3.91825
3.14642
4.88830
3.02943
2.96497
3.43966
3.53288
4.45907
2.51988
3.59313
2.26810
2.70177
3.18447
3.74543
3.59734
3.14410
3.94959
4.28780
3.52755
3.44092
1.00000
2.96577
3.57469
4.06617
4.91727
3.30360
3.62743
3.69783
3.08060
3.08760
2.04189
3.67759
3.13901
2.63150
3.06290
3.12048
1.00000
2.59943
2.16329
3.70756
3.60785
3.08393
2.87165
2.15162
4.31177
4.85226
2.82352
3.99839
2.17355
3.38898
3.78161
4.21982
3.50122
2.54314
2.94124
3.82184
4.16948
4.12028
4.09073
3.96978
3.27750
2.62570
2.97446
3.93063
1.92697
3.74478
3.33285
4.89912
4.96649
4.87239
3.36544
3.67557
3.96717
3.08487
3.25511
3.61253
3.71982
3.81698
3.02406
3.19477
3.40889
3.87024
3.42723
4.36553
2.81472
4.65742
4.24728
3.44302
2.43806
1.52925
3.76529
3.12557
3.53199
4.34497
2.57423
4.47668
3.51880
3.12780
2.70826
4.33385
4.02188
3.40678
3.28466
4.69286
3.36289
3.31589
2.53674
2.75942
2.19991
4.03828
2.81406
3.59972
3.09447
3.41100
4.64499
4.52282
2.43658
3.51461
3.03624
3.76889
4.23731
3.20520
4.51681
2.51605
2.81966
4.56202
2.86710
3.79738
3.66958
3.89986
3.99264
4.16726
3.68409
4.38322
2.85767
3.48211
4.16092
3.83938
3.91540
4.16411
3.71105
4.08853
4.74149
3.86164
3.80004
3.99095
3.98710
4.47957
3.31329
3.66210
2.87399
2.71357
3.68594
3.57243
3.28270
3.87252
3.54960
3.96617
2.80099
2.69483
4.14578
3.57453
3.90553
2.64106
4.66778
3.29610
4.18890
3.87847
3.38787
2.66225
3.22051
3.80351
3.06848
4.19931
2.08498
4.46310
3.40431
3.38244
3.13673
3.93534
4.10067
2.66904
3.55805
3.36834
3.76503
4.34266
3.68801
3.30149
4.05802
3.75570
2.42068
2.75263
3.09040
2.74927
3.01991
3.50976
3.49210
4.76388
4.13115
3.76633
3.79092
3.78889
3.29045
3.24146
3.90826
3.26021
3.77797
3.47632
3.27458
4.44452
4.34228
2.07987
4.00629
3.91174
4.48895
4.08343
3.95469
1.84383
3.48411
4.02722
4.19055
4.46690
4.19114
3.66456
4.03998
1.90315
4.08596
4.03206
3.96323
2.74058
4.32678
3.55301
4.53871
3.14923
2.97674
3.43088
4.38014
4.50636
2.66469
4.02010
3.77307
4.12770
3.49756
4.36692
3.70710
3.30909
3.68853
4.27056
3.35620
2.58921
4.44992
4.07664
2.77908
3.73210
4.14622
3.68303
3.42321
3.54956
4.29554
4.40721
3.13099
4.12526
4.27586
3.28546
3.47083
2.19499
2.27388
3.71470
3.59676
3.47751
3.47957
3.40624
3.57721
3.30151
3.67308
3.48741
4.28275
3.45783
2.45935
3.45677
4.02911
4.43729
3.31592
4.61471
2.96536
3.50378
3.18497
3.23410
3.59821
1.00000
3.71097
1.72262
3.91155
3.41036
2.71819
3.88536
4.23255
3.75536
3.11979
4.32593
4.34956
3.01249
3.43698
3.68100
3.04680
4.27015
3.11003
4.23624
2.54477
4.58899
3.98097
1.98638
3.49084
3.85939
3.84799
2.85526
3.35226
4.47613
3.42287
3.63266
3.51816
3.36706
3.88791
4.18589
2.98321
4.60404
4.53387
3.86562
3.48365
4.53067
3.80881
3.32584
3.08260
3.78882
4.09905
3.54845
4.06177
4.14084
3.31931
4.04206
2.35500
2.92977
1.86894
4.02276
3.45581
4.35374
3.71852
3.62776
2.76617
4.39734
4.04541
4.21292
3.89734
3.92268
3.76615
3.48125
4.27062
3.95865
2.28394
3.44066
3.32349
4.44445
3.53888
4.07357
2.83844
3.57787
3.51353
4.34802
3.18729
4.28045
3.39897
3.35193
3.25524
2.50541
3.45995
3.29849
3.47442
4.31280
4.24399
2.48256
2.66043
3.19851
3.73265
3.44662
3.09828
3.62885
2.69737
2.90750
3.72930
3.10684
4.18171
3.04378
3.20118
2.78061
3.03444
3.55947
2.74428
1.45931
3.58447
3.69340
3.94631
2.92472
3.97096
1.06275
4.24597
3.38892
4.00972
3.56309
2.16929
3.61785
4.09919
3.35959
3.40772
3.32338
3.32869
4.18311
3.01834
3.34404
2.95064
3.41943
3.39713
3.31684
4.23408
3.81577
4.21467
2.88145
4.02818
4.04111
4.65245
3.87404
3.04515
3.54348
4.13305
4.94787
2.18450
4.16757
3.65272
2.68286
3.97337
4.44289
3.50133
3.66733
3.69177
3.16453
3.24067
3.31762
2.80174
3.58349
3.72023
2.90863
4.03079
3.79555
3.77803
3.80081
3.32192
2.90011
3.33073
4.46009
3.14079
3.53736
3.35448
3.22667
3.12445
4.36074
3.94048
4.78809
2.56994
3.34894
3.44067
4.62637
3.80504
3.72130
3.62272
4.48182
4.18336
4.03254
3.46865
3.85389
4.92501
3.34602
3.79315
2.78469
3.24777
4.03956
2.80547
3.61373
3.41967
3.63758
4.14962
3.17537
4.44436
4.59177
4.49823
3.22094
3.50597
3.85952
4.08091
2.98810
4.23594
4.09476
3.53020
3.51204
2.13927
3.75284
3.61929
3.94432
2.97374
3.83919
2.34607
3.88737
3.67771
4.28248
5.00000
3.85972
3.03206
2.20505
4.03557
3.65555
3.81159
3.58751
3.30359
2.38002
4.65183
2.26539
3.57738
2.56009
3.27207
4.00628
4.38215
3.62301
3.52671
4.07316
3.86412
3.98144
3.45769
3.95762
3.93332
2.89822
4.00488
3.98204
3.47393
3.11906
3.50835
4.12087
4.27767
3.72327
3.31721
3.12934
3.09368
3.61885
2.83742
2.76357
4.04999
3.93616
4.33280
3.57774
3.19187
5.00000
4.64348
3.61313
3.07962
3.43636
2.16905
4.06425
3.69738
4.15610
4.35505
4.58067
4.37677
3.16314
3.93234
4.01293
4.03871
3.53811
2.57831
3.94671
1.98852
4.10655
2.37543
2.51177
3.32061
3.05951
4.92912
4.54096
3.48734
2.92358
3.36622
4.23331
4.75111
4.15782
4.23426
2.85582
3.97769
2.97041
3.68203
3.17136
4.29789
3.87883
3.85451
3.07534
3.15204
1.88751
3.72668
4.90627
3.20352
3.98313
2.37700
4.16728
3.18763
3.66524
4.64563
4.23844
3.77721
2.51169
2.37065
3.35200
3.26323
3.05067
3.80628
3.54973
2.88336
3.79007
3.82181
2.77536
3.08012
3.22741
3.41965
4.21733
2.95421
2.99340
4.03647
3.23334
4.01116
2.64914
3.24806
3.12164
3.68624
4.49656
3.90301
1.86253
4.25180
4.15517
4.53494
4.57856
3.37894
3.86100
3.68657
2.02457
3.33312
4.41167
4.45814
3.91952
2.66004
2.14846
3.79303
2.85134
3.30992
2.84000
2.14207
3.60804
4.12845
4.78836
3.63023
4.17284
2.90089
3.11123
3.08993
2.72406
3.39374
1.82951
4.28555
2.87237
3.30655
3.06093
3.73865
4.51163
3.59696
3.91579
2.95244
4.27585
5.00000
3.37180
3.98743
3.39534
4.52442
3.42872
4.02210
3.55239
3.68939
4.17791
3.95626
2.93587
3.82513
3.97789
3.50835
4.65415
2.61497
3.30414
4.49540
4.03849
3.39835
3.33689
2.71472
1.83364
2.83296
3.30817
2.97057
4.20544
3.15601
4.09420
3.75421
4.13415
3.01784
3.96572
3.34034
3.51511
3.47553
3.76113
2.82934
3.96583
3.52052
3.85558
3.05511
4.19548
3.23777
3.65344
3.97437
3.00000
4.14754
3.72633
1.77603
3.61631
3.00489
3.32261
4.05950
3.34641
3.85938
3.49195
2.90289
4.02199
3.53551
4.59147
3.09040
4.17679
3.98129
4.15284
4.37219
4.10584
3.97631
4.11082
1.90152
4.50875
2.23957
1.36536
3.14327
2.11542
3.30149
3.66092
3.67329
4.14889
2.72550
3.36905
2.45767
3.40850
2.50301
3.79554
2.77734
4.74499
2.58225
3.27859
3.23391
3.46069
2.58552
3.97260
3.42880
4.74951
4.15313
3.48377
4.87211
3.36968
3.43555
4.90656
3.10421
2.11360
4.05870
4.21289
2.64479
3.95420
4.13780
3.11868
4.29717
2.54639
2.56755
2.82418
4.28639
4.09186
2.91769
4.70371
2.71070
3.52861
3.01876
3.21459
3.28544
4.35460
4.46511
3.36399
3.97209
3.38505
4.81116
3.51749
3.23047
3.86543
2.56016
3.47740
3.35654
4.65332
4.24609
3.04361
3.92830
3.59956
2.88730
3.99052
3.43673
3.21722
4.68790
3.14771
3.78644
4.03889
3.45139
3.00000
3.63727
3.60587
4.16097
3.31782
3.83361
3.95955
4.49796
3.90848
3.61063
3.92616
4.25740
3.85819
3.55397
3.88410
1.37999
3.88845
3.51988
4.47979
3.09019
4.21354
2.39286
3.70920
2.99535
4.52025
3.81965
3.86622
3.99452
3.53246
3.07123
3.03595
3.30271
5.00000
2.67026
2.25267
4.37272
3.68767
3.34336
3.41665
1.16673
3.37086
3.92026
3.50157
3.92479
2.68113
3.69358
4.22088
3.33088
3.56762
3.86703
4.00158
2.81103
3.18953
2.46137
4.14137
4.56144
2.93757
4.25907
2.23734
2.95152
4.70367
4.16840
3.39949
4.04738
2.92160
4.35638
3.66277
3.97601
3.16053
1.10735
4.82190
3.89652
2.18515
4.05850
3.86345
3.49009
4.39327
3.40373
4.79428
3.10505
3.58599
2.78248
4.46847
2.61494
3.74950
1.68318
3.54750
3.32005
3.10462
3.98249
4.30041
4.13692
4.34673
3.13852
4.57538
2.71022
4.23718
3.90301
2.84268
4.72786
4.14051
3.37371
3.32157
4.23058
2.97577
4.25611
1.97269
4.58197
4.19194
3.55746
4.08387
2.84307
3.68342
4.26128
1.83591
2.25301
4.55075
3.36977
3.14686
3.38351
3.53880
3.48457
3.63118
4.18389
1.94914
3.10585
3.55626
3.61577
3.61646
3.75964
4.20366
4.47799
3.39247
4.10640
3.91012
4.11463
3.28043
3.95858
2.80090
3.81617
2.96993
2.78363
4.55125
2.77581
3.90052
3.17771
2.45911
3.30418
3.55519
4.18800
4.36633
2.35840
3.00127
4.40825
4.07377
3.87292
4.26438
3.24142
4.25259
2.71818
4.57464
2.89521
3.16334
3.74926
4.12691
4.04046
3.03011
4.84856
3.56468
3.79139
4.59105
3.54209
2.99380
3.40197
3.40776
4.14455
2.92057
3.24212
3.34097
3.05039
4.39722
1.60135
3.16198
2.91905
4.69195
3.98766
4.28828
2.53843
3.18048
3.61145
3.22387
3.97141
3.98974
4.19054
4.26545
4.16116
3.60529
4.10568
4.26172
4.77313
2.99229
4.32277
3.50312
4.73100
3.15348
3.58874
4.95670
2.90722
2.92501
3.59641
4.20671
4.25355
2.68236
1.96523
3.91029
2.09895
4.42820
2.30245
3.87623
2.53810
3.76877
1.88637
4.11244
3.37169
4.19559
3.81661
4.43298
4.35969
2.74558
3.40004
1.64535
4.47012
2.59262
4.46434
4.39602
4.30867
4.25540
4.25566
4.28475
3.07856
3.75005
4.08835
4.39348
2.94969
3.53879
4.63772
3.42250
2.60712
4.22489
3.23278
3.53328
3.96423
3.69575
1.84207
2.98806
3.28276
4.46886
4.57267
4.24021
4.05800
4.34817
3.05969
4.02328
3.04870
4.40773
4.47241
3.61775
4.30072
3.73822
2.23522
5.00000
3.94807
3.36366
2.81371
2.77481
3.05080
3.88201
3.26387
4.35510
3.05175
3.26611
4.38764
4.12011
2.87969
4.11936
3.86824
2.99959
3.36282
2.91461
3.46050
2.99786
3.58435
2.17915
4.10180
2.77279
2.98531
3.44826
4.10691
1.46554
3.85671
3.62875
3.65091
2.76451
2.30289
3.18139
2.65184
4.09418
2.94574
4.81575
3.68913
4.09211
3.36233
3.35651
3.77993
4.18262
3.94783
2.66650
4.03694
3.37023
3.74985
3.95120
3.51095
3.31805
3.34541
3.55527
3.38255
3.32508
2.32511
3.21469
4.68807
3.53309
2.54022
3.33006
3.00981
3.66242
3.38601
3.99966
3.53217
3.10559
3.18891
3.11068
4.34300
4.02572
3.11521
3.83243
4.11049
1.76043
3.08595
4.31380
3.78829
4.08684
2.05139
4.75476
2.81234
3.76836
2.76951
4.34136
4.42611
1.79753
3.18374
3.99882
4.79894
2.67435
3.72697
3.65858
4.02703
3.83442
2.91505
2.97620
3.02474
3.37973
3.22730
2.55237
2.88125
3.93623
3.44454
3.71217
3.24451
3.42503
3.11107
3.36421
2.74576
4.74152
2.25913
4.17381
3.31013
1.81828
3.06147
4.43469
4.40147
3.69754
4.30873
2.14217
3.71939
2.87448
3.90611
4.07311
3.20094
3.59767
3.28347
4.54664
4.00303
3.26123
3.44246
4.55622
4.29356
4.57896
3.70748
4.05878
3.61009
3.31385
3.77209
3.25196
3.48168
2.64107
3.74653
4.10568
3.30194
4.03611
3.64284
3.87457
3.28739
3.12810
3.82344
4.22079
3.82058
3.38743
4.27747
4.45279
4.09802
3.66186
3.29010
3.30846
1.41559
4.94261
2.49482
2.87690
4.15411
4.07830
4.07542
1.83605
1.92208
3.13422
3.93162
2.26172
3.62556
4.21708
3.73507
3.74869
3.58795
2.45941
3.63539
4.60562
4.74722
4.28041
2.22035
3.38591
3.19729
2.93521
3.37941
3.68036
4.18584
4.21899
2.62859
3.66443
3.15726
4.21922
4.65117
3.54533
4.04918
3.90289
4.65238
3.65088
4.24011
2.94685
4.12062
3.33229
3.22348
3.23277
3.55007
4.93546
4.00986
3.49353
1.69549
2.90989
3.78309
3.20081
2.48703
4.25147
3.41156
3.31500
2.87853
3.39910
3.84760
4.55975
3.57977
3.60934
4.33092
3.18750
3.39403
4.49743
3.70694
3.63052
3.43750
4.15023
3.88865
4.26802
4.19070
3.29733
2.73915
4.34085
3.12725
2.11469
4.59170
4.52450
3.25533
3.17564
3.15541
5.00000
4.04375
2.34667
4.32905
3.25096
2.49806
3.61498
4.83941
4.18156
4.20012
2.77275
4.12736
2.97702
1.93685
4.08784
4.12949
3.44815
4.18514
3.30528
4.14471
3.66688
3.87867
2.87475
2.50273
3.70080
2.62567
3.63809
2.71082
3.09644
3.65392
3.58782
4.00035
4.53155
2.89966
3.45446
3.56118
5.00000
3.67183
3.45319
3.24057
1.85157
2.46641
3.45248
3.65263
4.22875
3.92986
4.07553
3.42579
2.44632
2.97757
4.25923
3.67954
2.55727
4.29719
1.66372
4.85562
3.06240
4.27970
3.90644
4.05766
3.16699
2.10906
3.52341
2.43363
3.93928
4.12105
3.53386
3.07553
4.27640
3.97014
3.43072
3.86565
3.95395
1.54271
4.00441
3.29499
3.61073
4.56670
3.63850
3.51513
4.36505
4.32285
3.17413
3.65540
2.49004
2.69244
3.94107
4.18753
4.23752
2.98462
3.80628
3.33439
4.71294
2.48480
2.85291
3.43507
3.23250
3.40394
3.69079
2.66580
1.70538
2.39898
2.93811
4.05341
3.56928
2.78678
3.92719
3.45189
4.24490
3.96727
4.81635
3.57239
4.53028
3.74541
2.30795
4.21102
2.44946
3.80320
3.57776
3.88316
3.03554
2.17541
2.18746
3.22819
3.90142
4.16705
4.58339
3.65575
3.96661
4.03357
3.04596
3.73628
3.01948
3.89999
4.44291
4.02659
3.11232
3.47229
3.89364
3.03970
4.30859
2.95914
4.01407
2.29823
3.71382
3.87408
2.46499
3.44680
4.76124
4.11145
1.93385
3.90861
3.51812
2.93718
3.27472
3.49854
3.40531
3.97486
3.92603
4.50102
4.28823
3.97996
3.55630
3.74419
3.93203
3.26098
3.21303
4.35837
2.84265
4.05800
3.90410
2.44881
3.06842
2.97022
2.74325
2.83439
3.95604
2.72594
2.81347
3.93921
3.17134
2.95341
4.09167
3.60987
3.89973
4.82411
4.02231
3.83279
3.24759
3.35216
3.85141
4.24623
4.17458
4.71265
2.75562
4.33928
4.71120
2.34657
3.94419
2.54046
3.19851
4.29532
4.85622
4.24242
3.52915
3.43090
3.00703
3.34659
3.56177
3.54157
4.27229
3.69265
3.43891
3.84624
4.42693
3.40045
3.53323
3.64229
3.49046
4.15024
4.18821
3.49113
3.60649
3.63413
2.77901
2.62380
3.79712
4.28844
4.15502
3.59610
3.76647
4.35017
3.92221
2.74241
3.79380
2.82451
3.82683
3.25132
2.79914
2.33020
3.40762
3.28660
3.67498
3.53237
3.87302
3.97883
2.56680
4.22693
4.10602
2.95715
3.96939
2.62169
2.63184
3.52623
3.77948
4.32300
3.27223
3.36464
3.84402
3.73550
4.94527
4.19434
3.91362
3.64710
3.20875
4.24908
2.65762
4.18341
3.49132
3.69281
3.02278
3.77762
4.62625
2.75599
2.66132
3.72706
3.93557
3.26195
3.61595
4.33987
4.21951
3.95289
3.62701
4.15248
4.37943
3.27147
2.27378
3.23225
3.87883
3.71652
1.95807
3.96338
3.63112
4.66667
3.12960
4.20887
3.79228
3.69180
3.92230
2.73082
3.14767
2.80090
4.41978
3.68065
4.98848
2.77611
4.00873
1.19290
3.05319
4.40111
2.32449
4.09432
3.83141
3.86474
3.25113
2.63205
3.21956
4.73418
4.05698
3.56509
4.04152
2.08143
4.20192
3.76731
3.03324
4.26712
4.47996
4.48649
2.76217
4.02328
2.95550
4.06675
3.78384
4.13423
3.78506
3.37288
3.72625
1.95709
3.12032
4.03900
3.28263
4.13082
3.46651
4.15333
2.73589
4.09235
3.26347
4.40471
2.34872
2.83913
3.65033
2.35758
4.40154
3.37587
2.82294
3.34623
3.83631
4.15458
4.11266
3.11216
2.24275
3.88705
1.97261
3.45690
3.69813
3.51682
3.61142
3.95752
2.06170
3.40791
3.12844
3.15699
2.44950
3.63591
1.93401
3.60100
4.04844
3.68404
4.15950
4.85723
3.58779
3.77574
4.24281
3.05272
3.62338
3.51860
3.47850
4.18575
2.78078
3.98218
3.39281
3.76990
4.96834
3.02168
3.39952
3.26560
4.27897
2.89135
3.41096
2.88308
3.17980
1.97897
2.51066
4.02717
3.94902
3.86159
4.31264
3.85941
3.89620
2.65183
4.35103
4.17333
3.44751
3.72320
2.19799
3.83032
4.20578
3.12704
3.60089
3.88174
4.53085
3.32858
3.72329
3.18956
4.49880
4.44137
3.60079
3.84049
3.55132
4.23395
3.84083
3.59852
3.38897
3.80763
3.70229
3.71417
3.83372
2.73225
4.56625
2.49754
2.86443
4.01023
3.91163
4.03909
3.33268
1.91663
1.62107
4.08021
2.43563
4.27574
3.17450
3.14997
2.48210
3.25389
3.48421
3.11488
4.52386
3.33469
3.07872
4.49640
3.75566
2.47153
4.26380
4.07843
3.82669
3.48390
4.18972
3.66231
2.72412
4.33246
3.70381
4.15902
3.64023
3.53238
3.42022
2.70311
4.17261
3.59511
3.59444
3.63349
3.15529
4.87493
4.00808
4.46195
2.89371
3.40343
3.53925
3.18113
3.93484
2.88640
3.56141
1.55852
3.45985
3.84520
3.48011
4.39819
2.77022
2.79020
4.67075
3.74748
3.48939
2.37912
3.88743
3.44240
4.30014
3.40877
3.69049
3.41946
3.75983
3.83980
4.73674
3.39150
3.71541
3.56164
3.72217
2.83165
3.38391
2.73748
4.23276
4.23619
2.58395
3.57325
3.97836
3.60741
1.92361
2.78950
3.34162
2.68033
3.74071
3.85877
4.31194
3.10241
3.11352
3.73189
3.93251
2.63365
4.92339
3.18962
3.61346
3.66770
2.19415
4.95406
3.98708
4.10933
4.68243
4.08147
2.13446
4.24585
2.70045
3.95987
4.34075
4.22737
3.13127
3.67768
3.92888
4.12744
4.20697
2.21763
3.73973
4.35415
4.27019
2.88445
3.13524
4.15454
3.64955
2.63467
4.83530
3.41849
3.48633
4.17548
3.12261
4.03432
2.78672
3.04073
3.78136
3.62095
3.75955
3.15811
2.91941
4.16657
3.63214
3.60990
1.80504
3.35429
4.58187
3.45693
3.50337
4.02610
4.56429
4.64922
3.27111
3.58631
3.71996
4.39706
3.74975
1.48402
3.55372
2.51901
2.19447
3.21991
3.87647
4.21709
3.31033
4.07339
3.62239
1.90100
3.95576
2.63784
3.53859
3.43814
3.35984
4.20378
3.33860
3.79672
3.81803
3.32990
3.57000
3.86780
3.97070
2.28808
4.44590
4.29364
3.87003
3.69423
3.28357
2.96335
3.90463
1.64326
3.62892
3.93051
1.00000
3.37988
3.61252
3.81357
3.59028
3.91321
3.49012
3.66321
3.73383
2.46972
3.97756
4.59387
3.60847
4.28356
2.48046
3.49958
3.91666
2.65689
4.49435
3.34351
4.30185
3.40495
3.73384
2.86644
4.66507
3.11519
3.98946
3.76122
4.72847
2.16749
4.77925
4.19872
3.83354
3.00823
4.12765
2.95385
3.52390
3.29327
3.97678
3.81169
3.69357
3.37180
2.75862
3.10746
4.42607
3.12534
3.00411
3.43789
3.96732
3.65594
3.38907
4.62204
3.69712
2.17441
4.70264
4.05996
3.47726
3.60853
3.60596
4.44448
4.80962
3.81768
4.61742
2.69217
4.44771
3.41377
1.56141
4.45234
3.54052
3.08160
2.31532
4.65374
3.69687
3.49659
4.65638
3.73517
3.43438
3.17497
3.01251
3.81564
2.33592
4.12776
4.41690
4.02279
3.26094
3.50513
3.48891
4.69394
3.69595
3.23402
4.04206
3.93785
3.15779
3.55025
3.31940
4.21478
2.57344
4.36519
3.13112
2.80503
3.53313
4.25960
3.85111
3.04446
4.07222
3.93799
2.29236
2.48076
3.32395
4.14002
3.76888
2.08211
3.83832
4.17586
4.30173
4.36061
3.67706
4.16715
4.52647
4.40618
3.75022
3.97626
3.37868
4.23475
3.51176
3.44465
4.33671
2.52715
3.93942
2.85882
3.60315
3.36722
4.23030
3.76111
4.56320
1.93115
2.41390
4.00000
3.77680
3.91513
3.94638
3.57632
3.57395
4.27156
4.20959
3.48411
4.26555
3.39072
3.86217
3.59582
3.41959
2.33943
2.73403
3.80820
3.80922
3.55851
3.93561
3.93746
4.08501
2.88083
3.48299
3.78741
3.39907
4.38775
3.84015
2.53182
3.19124
4.34039
4.46426
4.37317
4.10341
4.01743
3.78783
4.21617
2.89346
3.26780
3.39820
4.31176
3.57483
4.21498
4.41034
3.25511
3.80934
4.61591
3.07467
3.38097
3.51649
2.80411
4.78294
2.88145
4.65917
3.72781
4.01687
3.41687
4.20846
3.81286
3.98489
4.36230
2.51382
3.49237
3.55199
3.75893
3.18564
3.65827
3.92684
3.35374
3.50368
4.59587
1.79556
3.20316
3.56755
3.44070
3.71282
3.30511
3.93508
3.16920
4.07940
3.88603
3.22954
3.25503
3.71033
1.94055
2.29953
4.19683
3.97647
3.70364
4.72246
3.93005
3.78035
3.39020
3.68806
3.83322
3.43274
3.48977
4.07350
3.88446
4.23436
2.94476
4.28553
2.71650
3.18646
3.02529
4.05997
3.24497
4.05361
2.97034
3.57543
3.74921
3.46727
4.39522
2.81732
2.64592
2.74212
4.33069
3.31289
4.36180
2.43642
4.63385
4.34780
3.74893
4.22770
4.57431
4.35418
3.59030
3.75517
1.00000
2.95887
4.13107
4.50500
3.48519
3.72274
4.45405
3.97522
3.97584
4.27799
3.08443
3.93324
3.03150
3.02262
4.60544
3.14863
3.56194
2.90688
3.19095
3.75923
1.99070
2.22178
4.40784
3.94019
3.08541
4.14223
4.02675
3.98955
1.80250
3.98355
4.31229
3.17952
1.68829
4.15439
3.82627
3.42079
3.89056
3.99349
2.76409
3.65553
4.21778
4.66625
3.81274
3.23686
3.44263
2.83642
3.37867
4.08470
3.93428
2.33758
3.26483
2.72321
4.43082
3.48989
3.47369
3.88651
3.54970
2.23335
3.97202
4.53872
3.92512
2.80404
3.07898
4.20647
2.87755
1.68907
3.63628
2.91712
2.81198
4.45067
1.91196
3.56808
3.66898
3.68105
3.18298
3.35427
4.15666
2.89728
3.84058
3.12996
3.24543
4.79664
3.78435
3.77172
3.90459
2.56622
4.26284
2.63144
4.22009
3.09962
3.67499
3.25684
4.03541
3.22394
1.52916
3.40186
3.99769
4.09603
3.90718
4.47815
3.56203
4.17848
4.39897
3.11479
2.76569
4.11093
3.16445
2.49065
3.16255
4.25406
4.51119
3.97077
3.64583
3.53594
3.67944
4.78511
4.00888
4.53412
3.07773
2.78637
4.44291
3.66016
4.14006
4.45064
2.22866
3.52436
2.46755
3.84462
3.78329
4.07710
2.18641
4.38323
5.00000
3.67970
3.61219
3.63601
4.70060
3.61113
4.64244
4.10866
3.10551
4.36508
3.31050
4.90342
3.68174
3.98138
4.35460
3.45669
4.01823
4.28485
3.43701
3.14922
2.05587
3.42205
3.45949
4.26211
3.45526
4.02463
3.38845
3.64440
2.54735
4.37280
2.58143
3.51897
3.99323
3.96190
2.35724
3.04847
3.21350
2.77831
3.84262
2.85912
3.70408
3.54008
4.09275
1.07073
2.96574
4.07745
3.77645
4.01188
4.11156
3.39277
3.28450
3.43143
4.49084
3.43285
3.77168
2.83665
3.32896
2.31096
2.05221
4.84425
4.15729
3.79859
2.51394
2.96133
3.05302
3.60435
3.63997
4.27604
4.19162
2.70408
4.30775
3.71176
3.47879
3.78254
3.68874
3.08705
3.39954
2.66637
4.53002
3.24845
4.19159
4.06562
3.55362
2.92159
3.40489
2.81608
2.72904
2.06361
4.49838
3.10028
2.76032
4.00438
3.20597
4.29360
4.20260
4.07579
3.19785
4.38052
1.99943
2.53990
4.35498
3.68024
2.66390
3.36250
3.06088
4.19118
3.90896
3.38540
4.12475
3.64128
2.33755
3.26985
3.51371
3.44284
4.00000
4.07434
3.88557
4.01024
3.09193
4.55374
2.25919
3.39202
3.41964
3.46036
3.02251
4.02659
1.00000
4.31672
3.70471
4.90652
3.55098
2.98286
3.78443
3.56267
4.05167
2.88545
3.61312
3.79858
3.69415
2.47184
3.33762
2.69672
3.89258
2.44595
4.53803
3.32844
3.03653
4.48884
2.64360
3.68438
4.86128
3.28136
4.14419
2.00435
2.77389
3.42103
3.91946
4.46398
4.22961
4.30842
3.49170
3.69582
2.34807
3.72332
4.19908
1.18981
3.98613
4.11861
3.89456
3.93013
3.70025
4.50365
4.11379
3.60292
4.32743
2.85092
3.94132
3.49700
4.73338
2.55634
3.95915
4.79261
4.20769
3.51042
2.32114
3.46499
4.21614
4.38854
4.75354
4.17780
4.03823
4.08981
3.73638
3.76218
2.95230
4.32819
2.63511
3.80439
1.63754
2.99211
3.54301
3.17542
3.50081
2.98460
3.04161
2.79148
3.34485
3.84065
3.62346
4.22955
3.07378
3.60199
3.01967
4.36592
4.71318
3.96667
3.02947
3.58986
3.80831
3.71341
3.89889
3.96806
3.32000
2.88241
3.70872
3.69808
3.51163
3.83099
2.85597
3.32788
3.20391
3.21079
2.47675
3.28647
3.83487
4.05024
3.87867
3.96713
2.72706
3.91477
4.10872
3.42124
2.86811
2.06137
3.98195
4.02744
3.83975
3.42381
3.51181
2.97417
3.52588
3.15199
3.91992
3.70383
4.79167
3.80408
3.85186
4.12314
3.28093
3.61003
4.32752
3.43448
3.29369
3.04920
2.75032
3.77979
4.08405
3.51495
3.97344
4.53205
3.29669
3.30315
3.45330
3.66007
4.55231
3.88353
2.52129
3.69132
3.65248
3.29504
2.15664
4.03377
4.35427
3.94645
4.53840
3.83854
3.68203
4.86405
3.14673
4.20752
3.59189
3.17463
4.51744
3.26519
3.57301
4.58617
2.13738
4.54102
3.50284
2.19014
3.35664
3.57335
3.70814
3.82859
4.11580
3.66666
3.07183
4.26236
3.32172
2.32932
2.06870
4.05577
3.65637
3.68010
4.04041
3.16620
3.99075
3.52109
4.36770
3.77562
4.45015
3.46517
3.98737
3.49811
3.81908
4.65650
4.53650
1.92405
3.79245
4.13091
3.53180
4.72351
3.18273
3.08060
3.99054
3.21651
3.16826
3.96769
2.84613
3.52447
4.40246
3.28744
3.06981
4.62838
3.19495
3.97249
2.09540
2.57462
2.77595
2.61419
4.36025
3.50226
4.51618
3.45282
3.49366
3.50706
4.35898
1.95457
4.31027
3.82681
4.42612
3.87428
4.16670
3.38754
2.72469
3.05038
2.62094
1.60627
4.16001
2.32243
3.29854
3.15894
4.21729
3.36374
3.47269
3.46724
3.74393
3.75849
2.55905
3.90737
4.21395
3.48000
2.64048
4.06721
3.81458
1.82772
4.27391
3.91248
3.92984
3.53153
4.09920
3.79899
3.85263
3.51751
3.54767
4.32305
3.12710
4.12819
3.67277
2.34733
4.66681
3.72451
2.97982
4.16385
1.91491
3.94069
3.61388
3.36760
4.11828
3.35014
2.03915
1.42276
3.95051
4.68260
4.36918
2.70023
2.79423
3.20116
3.82630
4.07300
3.52553
2.99585
3.43721
3.08812
3.33154
4.25230
3.07165
4.30047
4.01557
3.91332
4.29758
4.76397
4.02995
2.78305
3.04300
4.13725
3.37838
3.85965
4.07590
4.10787
4.92407
3.36566
2.95112
3.06125
3.58218
4.73935
2.84068
3.12909
3.05325
3.87633
3.92276
3.97085
4.09161
2.56444
3.34277
3.66372
3.48021
3.79828
2.96876
4.51366
3.62214
4.27649
4.57436
4.34806
3.28038
3.88907
3.87241
4.11578
3.81829
2.97055
3.14213
3.38298
3.65062
2.45920
3.74024
2.08395
3.96518
2.84374
3.86192
4.43944
3.09494
1.97948
1.96233
3.83868
4.04742
2.55506
3.56401
2.69566
3.87811
4.01805
3.96540
2.30839
3.80912
3.10215
4.52242
4.41093
2.92640
3.08659
3.32843
4.27982
3.06407
4.76001
2.89731
4.15288
3.88457
2.99877
3.60882
4.13423
3.74344
4.66532
3.42299
3.69832
4.69336
3.25498
4.01201
3.98242
3.10200
2.95564
2.65181
2.76178
3.98995
4.11583
4.51154
3.67782
3.60450
4.35091
4.08609
2.98021
3.94263
3.71225
3.57795
4.32455
3.82174
4.61634
3.14731
4.47218
2.80541
3.95891
3.65779
4.51068
4.85946
3.10180
3.28247
3.89308
3.74232
4.34124
3.86340
2.23259
4.17177
2.87439
3.56035
3.57673
2.01816
3.69205
2.80485
3.01097
3.60065
3.63060
3.80644
3.55000
2.19587
3.97188
4.23236
3.62113
2.41921
2.84652
4.38323
3.39586
4.19941
3.49961
4.23903
4.07317
3.14002
3.64606
3.18092
3.10467
2.56176
3.69390
3.93962
3.90309
4.03111
4.27064
3.45394
3.74923
3.78272
2.91792
4.39439
3.68472
3.85488
4.18840
4.65363
1.95850
3.27957
4.09485
4.29097
1.11464
4.09737
3.87348
3.34053
2.10904
4.26503
3.82249
2.54555
3.58869
3.73581
4.68788
3.63938
3.15501
3.13131
3.42166
3.90481
3.74838
4.31145
3.19604
3.93734
3.73166
3.70388
3.67599
3.08842
3.75702
3.17241
3.96931
2.23019
4.28457
2.13216
4.03666
3.86363
2.94046
4.40867
3.88281
3.72787
2.97485
3.92207
4.34979
3.44690
3.65012
3.08082
2.47783
2.82659
2.25725
4.20227
3.93115
3.28664
3.63219
3.29618
3.16789
2.41229
4.38316
3.60033
3.72124
3.23373
3.49881
3.12662
3.45840
3.89028
3.75445
3.64828
3.43970
4.23882
3.89328
3.77201
3.89182
3.32104
2.87175
3.95719
4.49963
4.29262
4.30797
3.74232
4.05003
3.58029
4.06903
3.26439
2.79236
4.20170
3.42167
2.82298
4.24370
4.01113
2.86242
4.26722
4.55649
2.29174
2.25491
4.20438
3.25468
2.92835
3.53983
4.54004
2.66530
3.10534
2.25848
3.95806
2.95251
4.18391
3.50252
3.36099
3.87549
2.31397
4.03187
3.75791
3.01236
3.61842
2.93150
4.77299
2.98280
2.66154
4.34572
3.86333
3.53746
2.85797
3.59083
2.56904
4.83472
4.03659
3.71625
3.55417
3.97132
2.49945
2.25049
2.91930
3.86073
3.06524
3.88590
1.16714
3.36410
3.06768
1.67812
3.60189
4.19715
3.99651
4.23486
4.97744
4.47681
3.53934
4.23633
4.23711
2.90254
2.69928
